
Error results for RHC
---------------------------
0,605.177,0.095567104
1,605.177,0.128655104
2,605.177,0.146208
3,605.177,0.1589952
4,605.177,0.16980608
5,605.177,0.18042112
6,605.177,0.191805184
7,605.177,0.20190208
8,605.177,0.212575232
9,605.177,0.222274048
10,605.177,0.23156608
11,605.177,0.240594176
12,605.177,0.250068224
13,605.177,0.259238144
14,605.177,0.268384
15,605.177,0.277617152
16,605.177,0.28687616
17,605.177,0.29744
18,605.177,0.306945024
19,733.148,0.315917056
20,605.177,0.325161984
21,605.177,0.334404096
22,605.177,0.343442176
23,605.177,0.352911104
24,605.177,0.361947136
25,605.177,0.371266048
26,605.177,0.38195712
27,605.177,0.391135232
28,605.177,0.400589056
29,605.177,0.410217984
30,605.177,0.419404032
31,605.177,0.428652032
32,605.177,0.437897984
33,549.427,0.450804224
34,549.427,0.462212096
35,549.427,0.473353216
36,549.427,0.482590208
37,549.427,0.492062208
38,549.427,0.50118016
39,549.427,0.510338048
40,549.427,0.519910144
41,549.427,0.528991232
42,549.427,0.539476224
43,549.427,0.55061504
44,549.427,0.5598592
45,549.427,0.570601984
46,549.427,0.579809024
47,549.427,0.589050112
48,549.427,0.598177024
49,549.427,0.607421184
50,637.062,0.616536064
51,549.427,0.625793024
52,549.427,0.634950144
53,549.427,0.6441472
54,549.427,0.655825152
55,549.427,0.667842048
56,549.427,0.680602112
57,549.427,0.692866048
58,549.427,0.705481216
59,547.530,0.7180672
60,547.530,0.730200064
61,547.530,0.742550016
62,547.530,0.757036032
63,547.530,0.76896
64,547.530,0.778354176
65,547.530,0.787807232
66,547.530,0.80020608
67,547.530,0.810292992
68,547.530,0.819696128
69,547.530,0.829108224
70,547.530,0.840314112
71,547.530,0.850685184
72,547.530,0.859931136
73,547.530,0.86932608
74,547.530,0.878377216
75,547.530,0.887806208
76,547.530,0.89698304
77,547.530,0.906297088
78,547.530,0.91549312
79,547.530,0.924721152
80,547.530,0.933949184
81,547.530,0.943834112
82,547.530,0.953161216
83,547.530,0.962496
84,547.530,0.971837184
85,547.530,0.981191168
86,530.472,0.99057408
87,530.472,0.999660032
88,530.472,1.008859136
89,530.472,1.017951232
90,530.472,1.02715008
91,530.472,1.037024
92,530.472,1.046136064
93,530.472,1.055618048
94,530.472,1.064614144
95,530.472,1.073987072
96,530.472,1.0832512
97,536.087,1.094864128
98,530.472,1.105330176
99,535.340,1.11456
100,530.472,1.123956992
101,530.472,1.133133056
102,530.472,1.14239104
103,530.472,1.151814144
104,530.472,1.160907008
105,530.472,1.1707072
106,530.472,1.179719168
107,530.472,1.18927616
108,530.472,1.19835008
109,530.472,1.207572992
110,530.472,1.216879104
111,530.472,1.226828032
112,530.472,1.2361472
113,530.472,1.245234176
114,530.472,1.254537216
115,530.472,1.264276224
116,530.472,1.273376
117,530.472,1.28253312
118,530.472,1.291660032
119,530.472,1.30079616
120,530.472,1.309903104
121,530.472,1.318969088
122,530.472,1.328098048
123,530.472,1.337185024
124,530.472,1.346283008
125,530.472,1.35883008
126,530.472,1.368894976
127,530.472,1.377846016
128,530.472,1.38705408
129,530.472,1.396111104
130,530.472,1.405300224
131,530.472,1.414416128
132,530.472,1.424452096
133,530.472,1.433729024
134,530.472,1.442964224
135,530.472,1.452134144
136,530.472,1.461292032
137,530.472,1.470377216
138,405.170,1.479576064
139,405.170,1.488812032
140,405.170,1.497981184
141,405.170,1.507392
142,405.170,1.516625152
143,405.170,1.526083072
144,405.170,1.535471104
145,405.170,1.54483712
146,405.170,1.554595072
147,405.170,1.563688192
148,405.170,1.573548032
149,405.170,1.582732032
150,405.170,1.592018176
151,405.170,1.601337088
152,405.170,1.613516032
153,405.170,1.623353088
154,405.170,1.632528128
155,405.170,1.641801216
156,405.170,1.65102208
157,405.170,1.660396032
158,405.170,1.669985024
159,444.428,1.679007232
160,405.170,1.6883392
161,405.170,1.697670144
162,405.170,1.707145984
163,405.170,1.716925184
164,405.170,1.726206208
165,405.170,1.735553024
166,405.170,1.744638208
167,405.170,1.754028032
168,405.170,1.763198208
169,405.170,1.772395008
170,405.170,1.781603072
171,405.170,1.790836992
172,405.170,1.800112128
173,405.170,1.809300224
174,405.170,1.818503168
175,379.678,1.827793152
176,379.678,1.836972032
177,379.678,1.846393088
178,379.678,1.856254976
179,379.678,1.865246208
180,379.678,1.874674176
181,379.678,1.884001024
182,379.678,1.894104064
183,379.678,1.903956992
184,379.678,1.91401216
185,379.678,1.923259136
186,379.678,1.933108992
187,379.678,1.942849024
188,379.678,1.95290112
189,379.678,1.962153984
190,379.678,1.971454208
191,379.678,1.981417984
192,379.678,1.990957056
193,379.678,2.000793088
194,379.678,2.009955072
195,379.678,2.019382016
196,420.513,2.028564224
197,379.678,2.038082048
198,379.678,2.047494144
199,379.678,2.056721152
200,379.678,2.065972992
201,356.324,2.0752512
202,356.324,2.08460416
203,359.016,2.093848064
204,356.324,2.1029952
205,356.324,2.11234816
206,356.324,2.121622016
207,356.324,2.131410176
208,356.324,2.140766208
209,356.324,2.149826048
210,356.324,2.159165184
211,356.324,2.168446976
212,356.324,2.177584128
213,356.324,2.187028224
214,356.324,2.196052224
215,356.324,2.205575168
216,356.324,2.214723072
217,356.324,2.224126976
218,356.324,2.233417984
219,356.324,2.245233152
220,356.324,2.25464704
221,356.324,2.26442112
222,356.324,2.2737792
223,356.324,2.283190016
224,356.324,2.292418048
225,356.324,2.301750016
226,356.324,2.310865152
227,356.324,2.320178176
228,356.324,2.32913408
229,356.324,2.338942208
230,356.324,2.348081152
231,356.324,2.357378048
232,356.324,2.370441984
233,356.324,2.379968
234,356.324,2.389337088
235,356.324,2.399028224
236,356.324,2.408433152
237,356.324,2.417579008
238,375.529,2.426875136
239,356.324,2.436448
240,356.324,2.44570112
241,330.688,2.455136
242,330.688,2.464218112
243,330.688,2.473456128
244,330.688,2.482656
245,330.688,2.491776
246,330.688,2.500914176
247,330.688,2.509979136
248,330.688,2.519879168
249,330.688,2.529225984
250,328.285,2.538461184
251,328.285,2.547692032
252,328.285,2.557165056
253,328.285,2.566395136
254,328.285,2.575508992
255,328.285,2.584648192
256,328.285,2.593910016
257,328.285,2.603073024
258,328.285,2.612257024
259,328.285,2.62155904
260,328.285,2.630610176
261,323.874,2.64043904
262,323.874,2.64966016
263,323.874,2.659856128
264,323.874,2.669234176
265,323.874,2.678496
266,323.874,2.687899136
267,323.874,2.697086976
268,323.874,2.7077312
269,323.874,2.717888
270,323.874,2.728614144
271,323.874,2.737908224
272,323.874,2.746932992
273,323.874,2.756809984
274,323.874,2.766252032
275,305.206,2.775550976
276,305.206,2.784985088
277,305.206,2.7948032
278,305.206,2.804416
279,305.206,2.813577216
280,305.206,2.822664192
281,305.206,2.831832064
282,296.421,2.841556992
283,296.421,2.850868992
284,296.421,2.860225024
285,296.421,2.869961984
286,296.421,2.879327232
287,296.421,2.88863616
288,296.421,2.897707008
289,296.421,2.907377152
290,296.421,2.916488192
291,296.421,2.925910016
292,296.421,2.935666176
293,296.421,2.94697216
294,296.421,2.956350208
295,296.421,2.965661184
296,296.421,2.974854144
297,296.421,2.98867712
298,296.421,2.998178048
299,296.421,3.007472128
300,296.421,3.016667136
301,296.421,3.027906048
302,296.421,3.03734016
303,296.421,3.046522112
304,296.421,3.056641024
305,296.421,3.065922048
306,296.421,3.075145216
307,296.421,3.084273152
308,296.421,3.094098176
309,296.421,3.103614208
310,296.421,3.112861184
311,296.421,3.122279168
312,328.950,3.131457024
313,296.421,3.143184128
314,296.421,3.152608
315,296.421,3.161705984
316,296.421,3.17085312
317,296.421,3.179974144
318,296.421,3.189146112
319,296.421,3.198458112
320,296.421,3.208610048
321,296.421,3.21786112
322,296.421,3.227489024
323,296.421,3.237021184
324,296.421,3.246260224
325,296.421,3.256050176
326,296.421,3.26554112
327,296.421,3.274834176
328,296.421,3.284176128
329,296.421,3.293475072
330,296.421,3.3029632
331,296.421,3.312945152
332,296.421,3.322672128
333,296.421,3.332125184
334,296.421,3.34143616
335,296.421,3.350340096
336,296.421,3.35816704
337,296.421,3.365832192
338,296.421,3.373513216
339,296.421,3.381044224
340,296.421,3.388950016
341,296.421,3.397112064
342,296.421,3.406095104
343,296.421,3.413801984
344,296.421,3.421664
345,296.421,3.429799168
346,296.421,3.437530112
347,296.421,3.445086208
348,296.421,3.452895232
349,296.421,3.460662016
350,296.421,3.468492032
351,296.421,3.476200192
352,296.421,3.484519168
353,296.421,3.49220608
354,296.421,3.500361216
355,296.421,3.508530176
356,296.421,3.51631104
357,296.421,3.524134144
358,296.421,3.532011008
359,296.421,3.539934208
360,296.421,3.547545088
361,296.421,3.555609088
362,296.421,3.566301184
363,296.421,3.574212096
364,296.421,3.581795072
365,296.421,3.58957312
366,296.421,3.59750016
367,296.421,3.605332224
368,296.421,3.61300608
369,296.421,3.620971008
370,296.421,3.628582144
371,296.421,3.63631616
372,296.421,3.644658176
373,296.421,3.652420096
374,296.421,3.660148992
375,296.421,3.667952128
376,296.421,3.675650048
377,296.421,3.683405056
378,308.787,3.691329024
379,296.421,3.699010048
380,296.421,3.70700416
381,296.421,3.715888128
382,296.421,3.724368128
383,296.421,3.732041216
384,296.421,3.739714048
385,296.421,3.747408128
386,296.421,3.756079104
387,296.421,3.763710976
388,296.421,3.7715712
389,296.421,3.779105024
390,296.421,3.788103168
391,296.421,3.797533184
392,328.235,3.805405184
393,296.421,3.813298176
394,296.421,3.821181184
395,296.421,3.828843008
396,296.421,3.836521984
397,296.421,3.844076032
398,293.671,3.851729152
399,293.671,3.859372032
400,293.671,3.867584
401,293.671,3.87627008
402,293.671,3.884916224
403,293.671,3.892643072
404,293.671,3.900511232
405,293.671,3.908166144
406,293.671,3.916446208
407,293.671,3.924726016
408,293.671,3.932297984
409,293.671,3.94022016
410,293.671,3.948388096
411,293.671,3.956378112
412,293.671,3.964171008
413,293.671,3.973145088
414,293.671,3.98226816
415,293.671,3.990073088
416,293.671,3.99835904
417,293.671,4.008585984
418,293.671,4.017103104
419,293.671,4.02472704
420,293.671,4.032454144
421,293.671,4.040186112
422,293.671,4.047801088
423,293.671,4.055670016
424,293.671,4.0632512
425,293.671,4.070984192
426,293.671,4.079224064
427,293.671,4.087481088
428,293.671,4.0950592
429,293.671,4.104504064
430,293.671,4.114610176
431,293.671,4.122628096
432,293.671,4.130260992
433,293.671,4.138124032
434,293.671,4.145684992
435,293.671,4.1536
436,294.136,4.161952
437,293.671,4.169670144
438,293.671,4.177680128
439,293.671,4.185353216
440,293.671,4.19297408
441,293.671,4.200740096
442,293.671,4.208547072
443,293.671,4.216177152
444,293.671,4.22471808
445,293.671,4.232192
446,293.671,4.239851008
447,337.804,4.247601152
448,293.671,4.25530112
449,395.343,4.26289408
450,293.671,4.270691072
451,293.671,4.278522112
452,339.759,4.286900992
453,293.671,4.294644992
454,293.671,4.302370048
455,293.671,4.309942016
456,293.671,4.317705216
457,293.671,4.328045056
458,293.671,4.33750912
459,293.671,4.34520704
460,293.671,4.353490176
461,248.118,4.361196032
462,248.118,4.369005056
463,248.118,4.37663616
464,254.342,4.38430208
465,248.118,4.392043008
466,248.118,4.4002432
467,248.118,4.408381184
468,248.118,4.416626176
469,248.118,4.42444416
470,248.118,4.43263616
471,248.118,4.440408064
472,248.118,4.447899136
473,248.118,4.455789056
474,248.118,4.463458048
475,248.118,4.471563008
476,248.118,4.479940096
477,248.118,4.487761152
478,189.066,4.495444992
479,189.066,4.503386112
480,189.066,4.510991104
481,189.066,4.518782976
482,189.066,4.526569216
483,189.066,4.534361088
484,189.066,4.542872064
485,189.066,4.552137984
486,185.593,4.559945216
487,185.593,4.567668992
488,185.593,4.575312128
489,185.593,4.582969088
490,185.593,4.59135104
491,185.593,4.599569152
492,185.593,4.607465216
493,185.593,4.61509504
494,185.593,4.62369408
495,185.593,4.631515136
496,185.593,4.639323136
497,185.593,4.646944
498,185.593,4.654706176
499,185.593,4.662928128
500,185.593,4.67189504
501,185.593,4.679485184
502,185.593,4.6888
503,185.593,4.697434112
504,185.593,4.705146112
505,185.593,4.712729088
506,185.593,4.720992
507,185.593,4.728857088
508,185.593,4.738147072
509,185.593,4.746976
510,185.593,4.75467008
511,185.593,4.762283008
512,185.593,4.770237184
513,185.593,4.778420992
514,185.593,4.78627712
515,207.477,4.793995008
516,183.264,4.801712128
517,183.264,4.809647104
518,183.264,4.817505024
519,183.264,4.825291008
520,183.264,4.833748992
521,183.264,4.841613056
522,183.264,4.849091072
523,183.264,4.857009152
524,183.264,4.864638208
525,183.264,4.872369152
526,183.264,4.880203008
527,183.264,4.888593152
528,183.264,4.89627904
529,183.264,4.904189184
530,183.264,4.91174016
531,183.264,4.919428096
532,183.264,4.927152128
533,183.264,4.935371008
534,183.264,4.943623168
535,183.264,4.951404032
536,183.264,4.959110144
537,183.264,4.96707712
538,183.264,4.974767104
539,183.264,4.982403072
540,183.264,4.9908992
541,183.264,4.998659072
542,183.264,5.006540032
543,183.264,5.014279168
544,183.264,5.022170112
545,183.264,5.02982016
546,183.264,5.038246144
547,183.264,5.046138112
548,183.264,5.054089984
549,183.264,5.064264192
550,183.264,5.073545984
551,183.264,5.081126144
552,183.264,5.089150208
553,183.264,5.097498112
554,183.264,5.105114112
555,183.264,5.112809984
556,183.264,5.12050304
557,183.264,5.128036096
558,183.264,5.135825152
559,183.264,5.143873024
560,183.264,5.151665152
561,183.264,5.159433216
562,183.264,5.167079168
563,183.264,5.174772224
564,183.264,5.182452992
565,183.264,5.1908032
566,183.264,5.198518016
567,183.264,5.206344192
568,183.264,5.213921024
569,183.264,5.221856
570,183.264,5.22953216
571,183.264,5.237972992
572,183.264,5.245937152
573,183.264,5.253918208
574,183.264,5.261602048
575,183.264,5.26952704
576,183.264,5.277160192
577,183.264,5.284913152
578,183.264,5.294036224
579,183.264,5.302914048
580,183.264,5.310618112
581,183.264,5.318433024
582,183.264,5.32612608
583,183.264,5.334089216
584,183.264,5.342732032
585,183.264,5.350723072
586,183.264,5.358710016
587,183.264,5.36676608
588,183.264,5.374617088
589,183.264,5.3827712
590,183.264,5.392004096
591,183.264,5.399956224
592,183.264,5.410377216
593,183.264,5.4204672
594,163.104,5.42978304
595,149.632,5.441008128
596,168.971,5.450365184
597,149.632,5.458366976
598,149.632,5.466177024
599,149.632,5.47403904
600,149.632,5.482046976
601,149.632,5.490509056
602,149.632,5.498196224
603,149.632,5.506356992
604,149.632,5.514448128
605,149.632,5.522349056
606,149.632,5.530153984
607,149.632,5.539145216
608,149.632,5.54682112
609,149.632,5.554906112
610,149.632,5.562686976
611,149.632,5.570633984
612,149.632,5.578275072
613,149.632,5.587405056
614,149.632,5.595545088
615,149.632,5.603423232
616,149.632,5.611741184
617,149.632,5.619552
618,149.632,5.6278272
619,149.632,5.635760128
620,149.632,5.643545088
621,149.632,5.651265024
622,149.632,5.659220992
623,149.632,5.666809088
624,149.632,5.675207168
625,149.632,5.683074048
626,149.632,5.690960128
627,149.632,5.698685184
628,149.632,5.70646016
629,149.632,5.715171072
630,150.191,5.723079168
631,149.632,5.731099136
632,149.632,5.739312128
633,149.632,5.746945024
634,151.055,5.75475712
635,149.632,5.763097088
636,149.632,5.77088512
637,149.632,5.778448128
638,149.632,5.786729984
639,149.632,5.79570304
640,149.632,5.804173056
641,149.632,5.81182208
642,149.632,5.819719168
643,149.632,5.827451136
644,149.632,5.835073024
645,149.632,5.843252224
646,159.467,5.851010048
647,149.632,5.85873408
648,149.632,5.866539008
649,149.632,5.874802176
650,149.632,5.882441984
651,149.632,5.8910592
652,149.632,5.898714112
653,149.632,5.906472192
654,149.632,5.914081024
655,149.632,5.92246016
656,149.632,5.931039232
657,149.632,5.938797056
658,89.680,5.946399232
659,89.680,5.95424512
660,89.680,5.961839104
661,89.680,5.970095104
662,89.680,5.977823232
663,78.959,5.985618176
664,78.959,5.9932352
665,78.959,6.001309184
666,78.959,6.009956096
667,78.959,6.017726208
668,78.959,6.02707712
669,78.959,6.035218176
670,78.959,6.042795008
671,78.959,6.050953216
672,78.959,6.059958016
673,78.959,6.068267008
674,78.959,6.076072192
675,78.959,6.083745024
676,78.959,6.092148992
677,75.408,6.099910144
678,75.408,6.107715072
679,75.408,6.115311104
680,75.408,6.123668992
681,75.408,6.131299072
682,75.408,6.139067136
683,75.408,6.146676224
684,121.603,6.157065216
685,75.408,6.166490112
686,75.408,6.174432
687,75.408,6.182068992
688,75.408,6.189871104
689,75.408,6.197609984
690,75.408,6.2059072
691,75.408,6.213566208
692,75.408,6.222489088
693,75.408,6.230246144
694,75.408,6.239098112
695,75.408,6.246729216
696,75.408,6.254503168
697,75.408,6.262281984
698,75.408,6.270110208
699,75.408,6.278776064
700,75.408,6.286811136
701,75.408,6.294507008
702,75.408,6.302441216
703,75.408,6.310461184
704,75.408,6.31819904
705,75.408,6.326083072
706,75.408,6.333891072
707,75.408,6.342065152
708,75.408,6.349993984
709,75.408,6.357775104
710,75.408,6.36544512
711,75.408,6.373332224
712,75.408,6.38089216
713,75.408,6.389374208
714,75.408,6.397117184
715,75.408,6.4054912
716,75.408,6.413338112
717,75.408,6.421153024
718,75.408,6.428845056
719,75.408,6.437287168
720,75.408,6.44486912
721,75.408,6.452804096
722,75.408,6.46039808
723,75.408,6.468012032
724,75.408,6.475642112
725,75.408,6.483832064
726,75.408,6.491512064
727,75.408,6.49914112
728,75.408,6.509200128
729,75.408,6.517229056
730,75.408,6.524948992
731,75.408,6.533026048
732,75.408,6.540866048
733,75.408,6.548454144
734,75.408,6.556385024
735,75.408,6.56411904
736,75.408,6.571844096
737,75.408,6.579778048
738,75.408,6.588227072
739,75.408,6.595867136
740,75.408,6.603746048
741,75.408,6.6113792
742,75.408,6.619412992
743,75.408,6.627190016
744,75.408,6.63555712
745,75.408,6.643272192
746,75.408,6.65101312
747,75.408,6.661060096
748,75.408,6.669520128
749,75.408,6.677714176
750,75.408,6.686294016
751,75.408,6.693967104
752,75.408,6.701684992
753,75.408,6.710338048
754,75.408,6.718083072
755,75.408,6.726607104
756,75.408,6.734409216
757,75.408,6.741992192
758,75.408,6.74969216
759,75.408,6.759460096
760,75.408,6.767454208
761,75.408,6.77623808
762,75.408,6.784095232
763,84.930,6.793790976
764,75.408,6.802083072
765,75.408,6.809992192
766,76.451,6.818691072
767,75.408,6.826793216
768,75.408,6.836269056
769,75.408,6.844762112
770,75.408,6.852649984
771,75.408,6.860370176
772,85.149,6.868840192
773,75.408,6.878833152
774,75.408,6.88703104
775,75.408,6.894948096
776,75.408,6.902769152
777,75.408,6.910567168
778,75.408,6.918964224
779,75.408,6.926658048
780,75.408,6.934502144
781,75.408,6.943217152
782,75.408,6.950929152
783,75.408,6.958729216
784,75.408,6.966761216
785,75.408,6.977074176
786,110.921,6.985170176
787,55.479,6.993004032
788,55.479,7.00070016
789,55.479,7.008843008
790,55.479,7.016753152
791,55.479,7.024557056
792,55.479,7.03238912
793,55.479,7.040260096
794,55.479,7.047878144
795,55.479,7.056404224
796,55.479,7.06403712
797,55.479,7.071944192
798,55.479,7.079779072
799,55.479,7.087752192
800,55.479,7.095929088
801,55.479,7.10392704
802,55.479,7.111602176
803,55.479,7.119367168
804,55.479,7.128044032
805,55.479,7.136251136
806,55.479,7.144091136
807,55.479,7.151870208
808,55.479,7.159476224
809,55.479,7.167158016
810,55.479,7.174884096
811,55.479,7.18308608
812,55.479,7.191142144
813,55.479,7.198738176
814,54.353,7.208766976
815,54.353,7.217667072
816,54.353,7.226168064
817,54.353,7.233976064
818,54.353,7.24252416
819,54.353,7.250889216
820,54.353,7.258813184
821,54.353,7.2672832
822,54.353,7.274946048
823,54.353,7.282860032
824,54.353,7.291460096
825,54.353,7.299092224
826,77.756,7.307552
827,54.353,7.315266048
828,54.353,7.323344128
829,54.353,7.331126016
830,54.353,7.339624192
831,54.353,7.348073984
832,54.353,7.355870208
833,54.353,7.36360704
834,54.353,7.371492096
835,54.353,7.381325056
836,54.353,7.39119616
837,54.353,7.39911808
838,54.353,7.406921216
839,83.852,7.414498048
840,54.353,7.422898176
841,54.353,7.430512128
842,54.353,7.438324992
843,54.353,7.4461632
844,54.353,7.454107136
845,54.353,7.462555136
846,54.353,7.471277056
847,54.353,7.478856192
848,54.353,7.486861056
849,54.353,7.49477504
850,54.353,7.503124992
851,54.353,7.510861056
852,54.353,7.518896128
853,54.353,7.526660096
854,54.353,7.534809088
855,54.353,7.545384192
856,54.353,7.553908224
857,54.353,7.561947136
858,54.353,7.57026304
859,54.353,7.578804224
860,54.353,7.586636032
861,54.353,7.594365184
862,54.353,7.602319104
863,54.353,7.610454016
864,54.353,7.618174208
865,54.353,7.626233088
866,54.353,7.635651072
867,54.353,7.644193024
868,70.957,7.651930112
869,54.353,7.65968512
870,54.353,7.667442176
871,34.733,7.675203072
872,34.733,7.683568128
873,34.733,7.69142016
874,34.733,7.69924608
875,34.733,7.707194112
876,34.733,7.715217152
877,34.733,7.725200128
878,34.733,7.733319168
879,34.733,7.741112064
880,34.733,7.749319168
881,34.733,7.757126144
882,34.799,7.764879104
883,34.733,7.773154048
884,34.733,7.784527104
885,34.733,7.792832
886,34.733,7.801242112
887,43.190,7.808966144
888,34.733,7.816644096
889,34.733,7.824397056
890,34.733,7.831924224
891,34.733,7.84040704
892,34.733,7.848018176
893,32.815,7.855847168
894,32.815,7.863647232
895,32.815,7.871497216
896,32.815,7.8796992
897,32.815,7.887817216
898,29.157,7.89542016
899,29.157,7.903152128
900,29.157,7.910910976
901,29.157,7.91929216
902,29.157,7.927156992
903,29.157,7.934980096
904,29.157,7.942593024
905,29.157,7.95022208
906,29.157,7.9587072
907,29.157,7.966336
908,29.157,7.974356224
909,29.157,7.98210304
910,29.157,7.990528
911,29.157,7.998267136
912,29.157,8.006052096
913,29.157,8.013927168
914,29.157,8.023711232
915,29.157,8.032445184
916,29.157,8.040173056
917,29.157,8.047750144
918,29.157,8.055647232
919,29.157,8.063240192
920,29.157,8.071704064
921,29.157,8.079389184
922,29.157,8.087053056
923,29.157,8.094563072
924,29.157,8.102331136
925,29.157,8.109868032
926,29.157,8.11863808
927,29.157,8.12815104
928,29.157,8.136017152
929,29.157,8.143600128
930,29.157,8.151218176
931,29.157,8.1593792
932,29.157,8.1669952
933,29.157,8.17628416
934,29.157,8.184543232
935,23.093,8.1923072
936,23.093,8.199892224
937,23.093,8.208237056
938,23.093,8.216096
939,23.093,8.223940096
940,23.093,8.231497216
941,23.093,8.239264
942,23.093,8.247531008
943,23.093,8.25671808
944,23.093,8.264820224
945,23.093,8.272615168
946,23.093,8.280219136
947,23.093,8.28816
948,23.093,8.296249088
949,23.093,8.304190208
950,23.093,8.31186816
951,34.729,8.319844096
952,23.093,8.327881216
953,23.093,8.336126208
954,23.093,8.34369408
955,23.093,8.35151104
956,23.093,8.359227136
957,23.093,8.366912
958,23.093,8.375179008
959,23.093,8.385181184
960,23.093,8.393352192
961,23.093,8.401101056
962,23.093,8.40892416
963,23.093,8.417375232
964,23.093,8.425053184
965,23.093,8.43280512
966,23.093,8.440510208
967,23.093,8.448034048
968,23.093,8.455930112
969,23.093,8.464080128
970,23.093,8.471851008
971,23.093,8.480269056
972,23.093,8.490025216
973,23.093,8.498130176
974,23.093,8.506358016
975,23.093,8.514232064
976,23.093,8.5220032
977,23.093,8.529641984
978,23.093,8.537641216
979,23.093,8.545892096
980,23.093,8.55446016
981,23.093,8.565560064
982,23.093,8.573377024
983,23.093,8.581214208
984,23.093,8.589671168
985,22.667,8.597286144
986,22.667,8.605027072
987,22.667,8.612753152
988,22.667,8.6211072
989,22.667,8.630243072
990,22.667,8.638183168
991,22.667,8.646183168
992,22.667,8.654330112
993,22.667,8.663944192
994,22.667,8.671788032
995,22.667,8.679330048
996,22.667,8.687007232
997,22.667,8.694612992
998,19.295,8.702756096
999,19.295,8.712257024
1000,19.295,8.720329216
1001,19.295,8.728076032
1002,19.295,8.736382976
1003,19.295,8.744001024
1004,19.295,8.751794176
1005,19.295,8.759596032
1006,19.295,8.767313152
1007,19.295,8.77560704
1008,19.295,8.783263232
1009,19.295,8.791296
1010,19.295,8.799138048
1011,19.295,8.809222144
1012,19.295,8.818317056
1013,19.295,8.826233088
1014,19.295,8.834383104
1015,19.295,8.844532224
1016,19.295,8.853054208
1017,19.295,8.860683008
1018,19.295,8.868491008
1019,19.295,8.876806144
1020,19.295,8.884670208
1021,19.295,8.893938176
1022,25.180,8.90185216
1023,19.295,8.909576192
1024,19.295,8.917201152
1025,19.295,8.92489216
1026,19.295,8.932539136
1027,19.295,8.940832
1028,19.295,8.948544
1029,19.295,8.956414208
1030,19.295,8.964099072
1031,19.295,8.971920128
1032,19.295,8.980094208
1033,19.295,8.987806208
1034,19.295,8.997008128
1035,19.295,9.0050432
1036,19.295,9.012900096
1037,19.295,9.021264128
1038,19.295,9.028973056
1039,19.295,9.036900096
1040,19.295,9.044511232
1041,19.295,9.052233216
1042,19.295,9.060634112
1043,19.295,9.068512
1044,19.295,9.076249088
1045,19.295,9.0841472
1046,19.295,9.091910144
1047,19.295,9.100884224
1048,19.295,9.108836096
1049,19.295,9.116632064
1050,19.295,9.124487168
1051,19.295,9.132125184
1052,19.295,9.140648192
1053,27.122,9.148382208
1054,19.295,9.157133056
1055,19.295,9.165106176
1056,19.295,9.174011136
1057,19.295,9.182448128
1058,13.786,9.1902592
1059,13.786,9.197990144
1060,13.786,9.206331136
1061,13.786,9.214509056
1062,13.786,9.222964224
1063,13.786,9.230672128
1064,13.786,9.23846912
1065,13.786,9.246168064
1066,13.786,9.255194112
1067,13.786,9.263188224
1068,13.786,9.271254016
1069,13.786,9.279072
1070,13.786,9.287581184
1071,13.786,9.296212992
1072,13.786,9.30438912
1073,13.786,9.312175104
1074,13.786,9.32013312
1075,13.786,9.328429056
1076,13.786,9.336854016
1077,13.786,9.34470912
1078,13.786,9.352524032
1079,13.786,9.360457216
1080,13.786,9.368804096
1081,13.786,9.376479232
1082,13.786,9.38498304
1083,13.786,9.395593216
1084,13.786,9.404521216
1085,13.786,9.41247104
1086,13.786,9.42047616
1087,13.786,9.428022016
1088,13.786,9.435894016
1089,13.786,9.445164032
1090,13.786,9.453699072
1091,13.786,9.46146304
1092,13.786,9.469206016
1093,13.786,9.47801216
1094,13.786,9.486793216
1095,13.786,9.49447808
1096,13.786,9.502176
1097,13.786,9.510302208
1098,13.786,9.519495168
1099,13.786,9.527252992
1100,13.786,9.535051008
1101,13.786,9.543517184
1102,13.786,9.551352064
1103,17.121,9.559620096
1104,13.786,9.567454208
1105,13.786,9.575241216
1106,13.786,9.583614208
1107,13.786,9.593723136
1108,13.786,9.602203136
1109,13.786,9.60992512
1110,13.786,9.618415104
1111,13.786,9.626299136
1112,13.786,9.634120192
1113,13.786,9.641958144
1114,13.786,9.650759168
1115,13.786,9.658527232
1116,13.786,9.666188032
1117,13.786,9.674146048
1118,13.786,9.681891072
1119,13.786,9.689716992
1120,13.786,9.697887232
1121,13.786,9.705739008
1122,13.786,9.713328128
1123,15.001,9.721227008
1124,13.786,9.728862208
1125,13.786,9.737154048
1126,13.786,9.745091072
1127,13.786,9.753561088
1128,15.812,9.761673216
1129,13.786,9.769601024
1130,13.786,9.777981184
1131,13.786,9.785959168
1132,13.786,9.793735168
1133,13.786,9.801464064
1134,13.786,9.809243136
1135,13.786,9.817662976
1136,13.786,9.825562112
1137,13.786,9.833384192
1138,13.786,9.841037056
1139,13.786,9.848731136
1140,13.786,9.856982016
1141,13.786,9.864635136
1142,13.786,9.872601088
1143,13.786,9.880219136
1144,13.786,9.888772096
1145,13.786,9.896500224
1146,13.786,9.904344064
1147,13.786,9.912008192
1148,13.786,9.919805184
1149,13.786,9.928027136
1150,13.786,9.935908096
1151,13.786,9.943750144
1152,13.786,9.951668992
1153,13.786,9.95964416
1154,13.786,9.967879168
1155,13.786,9.97559808
1156,13.786,9.983305216
1157,14.060,9.991087104
1158,13.786,9.998692096
1159,13.786,10.007849216
1160,13.786,10.01596416
1161,13.786,10.0249792
1162,13.786,10.032646144
1163,13.786,10.04128
1164,13.786,10.049574144
1165,13.786,10.057547008
1166,13.786,10.065195008
1167,13.786,10.0737792
1168,13.786,10.083401216
1169,13.786,10.093114112
1170,13.786,10.101585152
1171,13.786,10.10931712
1172,13.786,10.11702016
1173,13.786,10.124973056
1174,13.786,10.13264
1175,13.786,10.140989184
1176,13.786,10.151158016
1177,13.786,10.159750144
1178,13.786,10.167625216
1179,13.786,10.178912
1180,10.669,10.187001088
1181,10.669,10.195252224
1182,10.669,10.203174144
1183,10.669,10.210848
1184,10.669,10.218710016
1185,10.669,10.22793216
1186,10.669,10.236358144
1187,10.669,10.24420608
1188,20.554,10.25202304
1189,10.669,10.259709184
1190,10.669,10.271284992
1191,10.669,10.279681024
1192,10.669,10.287422976
1193,10.669,10.295201024
1194,10.669,10.30311808
1195,10.669,10.310793984
1196,5.000,10.319148032
1197,5.000,10.329177088
1198,5.000,10.338036992
1199,5.000,10.345639168
1200,5.000,10.353554176
1201,5.000,10.361284096
1202,5.000,10.369649152
1203,5.000,10.377415168
1204,5.000,10.385090048
1205,5.000,10.39272704
1206,5.000,10.400433152
1207,5.000,10.409027072
1208,5.000,10.416689152
1209,5.000,10.424546048
1210,5.000,10.432079104
1211,5.000,10.439825152
1212,5.000,10.448
1213,5.000,10.4556672
1214,5.000,10.463632128
1215,5.000,10.471369984
1216,5.000,10.479476992
1217,5.000,10.48750208
1218,5.000,10.495032064
1219,5.000,10.50267904
1220,5.000,10.510408192
1221,5.000,10.518738176
1222,5.000,10.52640512
1223,5.000,10.53409408
1224,5.000,10.541735168
1225,5.000,10.549232128
1226,5.000,10.557855232
1227,5.000,10.56604416
1228,4.831,10.574916096
1229,4.831,10.5826432
1230,4.831,10.59041408
1231,4.831,10.598166016
1232,4.831,10.606532096
1233,4.831,10.614276096
1234,4.831,10.622624
1235,4.064,10.630294016
1236,5.899,10.638632192
1237,4.064,10.646281216
1238,4.064,10.65462016
1239,4.064,10.66242304
1240,4.064,10.672539136
1241,4.064,10.681470976
1242,4.064,10.689411072
1243,4.064,10.697718016
1244,4.064,10.705566208
1245,4.064,10.713306112
1246,4.064,10.721217024
1247,4.064,10.7288192
1248,4.064,10.7366592
1249,4.064,10.744830208
1250,4.064,10.753577984
1251,4.064,10.761442048
1252,4.064,10.769220096
1253,4.064,10.777022976
1254,4.064,10.785631232
1255,4.064,10.793406976
1256,4.064,10.801178112
1257,4.064,10.809131008
1258,5.656,10.816818176
1259,4.064,10.824925184
1260,4.064,10.833387008
1261,4.731,10.841182208
1262,7.837,10.848844032
1263,4.064,10.85660416
1264,4.064,10.864273152
1265,4.064,10.872671232
1266,4.064,10.880318208
1267,4.064,10.889883136
1268,4.064,10.898188032
1269,4.064,10.9060352
1270,4.064,10.915090176
1271,4.064,10.923017984
1272,4.064,10.930532096
1273,4.064,10.939942144
1274,4.064,10.948898048
1275,4.064,10.957923072
1276,4.064,10.965997056
1277,4.064,10.97407104
1278,1.954,10.981961216
1279,1.954,10.989773056
1280,1.954,10.997466112
1281,1.954,11.005826048
1282,1.954,11.013446144
1283,1.954,11.021356032
1284,1.954,11.03110912
1285,1.662,11.040192
1286,1.662,11.048321024
1287,1.662,11.056312064
1288,1.662,11.063945984
1289,1.662,11.071755008
1290,1.662,11.079647232
1291,1.662,11.088016128
1292,1.662,11.095713024
1293,1.662,11.104569088
1294,1.662,11.114271232
1295,1.662,11.122941184
1296,1.662,11.13217408
1297,1.662,11.139980032
1298,1.662,11.147544064
1299,1.662,11.155515136
1300,0.888,11.163757056
1301,0.888,11.171748096
1302,0.888,11.17952512
1303,0.888,11.187450112
1304,0.888,11.1952832
1305,0.888,11.203656192
1306,0.888,11.211308032
1307,0.888,11.21918208
1308,0.888,11.226928128
1309,0.888,11.23469312
1310,0.888,11.2430912
1311,0.888,11.251396096
1312,0.888,11.259430144
1313,0.888,11.267329024
1314,0.888,11.275599104
1315,0.888,11.283824128
1316,0.888,11.291526144
1317,0.888,11.299233024
1318,0.888,11.306993152
1319,0.982,11.315154176
1320,0.888,11.323147008
1321,0.888,11.330769152
1322,0.888,11.338528
1323,0.888,11.346884096
1324,0.888,11.354750976
1325,0.888,11.362381056
1326,0.888,11.370316032
1327,0.888,11.378025984
1328,0.888,11.386650112
1329,0.867,11.39426816
1330,0.867,11.402945024
1331,0.867,11.412237056
1332,0.867,11.420036096
1333,0.867,11.428322048
1334,0.867,11.436039168
1335,0.867,11.443677184
1336,0.867,11.451545088
1337,0.867,11.459313152
1338,0.867,11.466953216
1339,0.867,11.475354112
1340,0.867,11.483003136
1341,0.867,11.490969088
1342,0.867,11.498718208
1343,0.867,11.506454016
1344,0.867,11.514785024
1345,0.867,11.522729984
1346,0.867,11.530527232
1347,0.867,11.5384512
1348,0.867,11.546247168
1349,0.867,11.554674176
1350,0.867,11.56249216
1351,0.867,11.570194176
1352,0.867,11.577953024
1353,0.867,11.585680128
1354,0.867,11.593822208
1355,0.867,11.601652224
1356,0.867,11.60941312
1357,0.867,11.61710208
1358,0.867,11.624967168
1359,0.867,11.633325056
1360,0.867,11.641138176
1361,0.867,11.648929024
1362,0.867,11.656672
1363,0.867,11.664226048
1364,0.867,11.6728
1365,0.867,11.680564224
1366,0.867,11.688422144
1367,0.867,11.696190208
1368,0.867,11.703934208
1369,0.867,11.71227904
1370,0.867,11.72016512
1371,0.867,11.727967232
1372,0.867,11.735911168
1373,0.867,11.744155136
1374,0.867,11.751988224
1375,0.867,11.759729152
1376,0.867,11.767334144
1377,0.867,11.774973184
1378,0.867,11.783369216
1379,0.867,11.791291136
1380,0.867,11.799208192
1381,0.867,11.806996224
1382,0.867,11.814584064
1383,0.867,11.822505216
1384,0.867,11.830650112
1385,0.867,11.838425088
1386,0.867,11.846235136
1387,0.867,11.854049024
1388,0.867,11.86171008
1389,0.867,11.87023104
1390,0.867,11.877822976
1391,0.867,11.885624064
1392,0.867,11.893401088
1393,0.867,11.901243136
1394,0.867,11.908992
1395,0.867,11.917426176
1396,0.867,11.9252352
1397,0.867,11.933078016
1398,0.867,11.940831232
1399,0.867,11.948402176
1400,0.867,11.956834048
1401,0.867,11.964445184
1402,0.867,11.972195072
1403,0.867,11.979953152
1404,0.867,11.987760128
1405,0.867,11.995421184
1406,0.867,12.003777024
1407,0.867,12.011421184
1408,0.867,12.020180224
1409,0.867,12.02796416
1410,0.867,12.035821056
1411,0.867,12.044131072
1412,0.867,12.051835136
1413,0.867,12.059394048
1414,0.867,12.067198208
1415,0.867,12.074929152
1416,1.071,12.08314112
1417,0.867,12.0910272
1418,0.867,12.098944
1419,0.867,12.10690816
1420,0.867,12.114590208
1421,0.867,12.122516992
1422,0.867,12.130801152
1423,0.867,12.138544128
1424,0.867,12.146247168
1425,0.867,12.154157056
1426,0.867,12.161744128
1427,0.867,12.170136064
1428,0.867,12.178413056
1429,0.867,12.186091008
1430,0.867,12.193696
1431,0.867,12.201316096
1432,0.867,12.209360128
1433,0.867,12.217396992
1434,0.867,12.225889024
1435,0.867,12.233492992
1436,0.867,12.242324992
1437,0.867,12.25055616
1438,0.867,12.258569984
1439,0.754,12.26625408
1440,0.754,12.274511104
1441,0.754,12.282306048
1442,0.754,12.290633216
1443,0.754,12.298516992
1444,0.754,12.308724992
1445,0.754,12.317840128
1446,0.754,12.325540096
1447,0.754,12.333901056
1448,0.754,12.34170112
1449,0.754,12.349284096
1450,0.754,12.357193984
1451,0.754,12.36535808
1452,0.754,12.37323008
1453,0.754,12.380978176
1454,0.754,12.388738048
1455,0.754,12.396414976
1456,0.754,12.4049792
1457,0.754,12.412742144
1458,0.754,12.420688128
1459,0.754,12.428513024
1460,0.754,12.43727104
1461,0.754,12.445118208
1462,0.754,12.453460224
1463,0.754,12.461234176
1464,0.754,12.46896
1465,0.754,12.476717056
1466,0.754,12.48444416
1467,0.754,12.494539008
1468,0.754,12.502793984
1469,0.754,12.510612992
1470,0.754,12.518552064
1471,0.754,12.526409216
1472,0.754,12.534189056
1473,0.707,12.542699008
1474,0.707,12.550590976
1475,0.707,12.558537984
1476,0.707,12.566411008
1477,0.707,12.574074112
1478,0.707,12.582374144
1479,0.707,12.59035904
1480,0.707,12.598102016
1481,0.707,12.606132224
1482,0.707,12.614358016
1483,0.707,12.622242048
1484,0.510,12.630537216
1485,0.510,12.63904512
1486,0.510,12.647583232
1487,0.510,12.655335168
1488,0.510,12.66289408
1489,0.510,12.67134208
1490,0.510,12.679074048
1491,0.457,12.687366144

Error results for SA
---------------------------
0,465.635,0.008211968
1,465.635,0.01680512
2,465.635,0.025036032
3,465.635,0.033170944
4,465.635,0.042556928
5,465.635,0.051322112
6,465.635,0.061164032
7,465.635,0.070192128
8,465.635,0.078118912
9,465.635,0.086027008
10,465.635,0.09387904
11,465.635,0.10198912
12,465.635,0.109767936
13,465.635,0.117499136
14,465.635,0.125308928
15,468.679,0.13303808
16,397.956,0.141403904
17,397.956,0.149040128
18,397.956,0.156860928
19,397.956,0.164466944
20,397.956,0.172572928
21,397.956,0.181377024
22,397.956,0.189158912
23,397.956,0.196873984
24,397.956,0.204755968
25,397.956,0.212332032
26,397.956,0.220862976
27,397.956,0.228691968
28,441.582,0.236342016
29,441.582,0.244194048
30,460.837,0.251934976
31,460.837,0.259994112
32,460.837,0.267718912
33,460.837,0.275453952
34,460.837,0.283033088
35,460.837,0.291428096
36,460.837,0.298973952
37,460.837,0.306599936
38,460.837,0.314294016
39,460.837,0.322061056
40,460.837,0.330235136
41,460.837,0.338115072
42,446.264,0.345694976
43,446.264,0.353470976
44,446.264,0.363618048
45,446.264,0.37233408
46,446.264,0.379943936
47,446.264,0.387769088
48,446.264,0.395510016
49,446.264,0.403655936
50,446.264,0.411362048
51,446.264,0.419102976
52,446.264,0.426851072
53,446.264,0.434371072
54,446.264,0.442268928
55,446.264,0.450354944
56,446.264,0.458274048
57,446.264,0.465971968
58,446.264,0.473830912
59,446.264,0.481660928
60,446.264,0.489818112
61,446.264,0.498012928
62,446.264,0.506075136
63,446.264,0.51383808
64,446.264,0.521532928
65,446.264,0.52938496
66,446.264,0.537115136
67,433.896,0.54470016
68,433.896,0.552923136
69,433.896,0.560815104
70,433.896,0.568486912
71,433.896,0.576900096
72,433.896,0.584514048
73,433.896,0.592448
74,433.896,0.600614144
75,433.896,0.608470016
76,433.896,0.616199936
77,433.896,0.624155904
78,433.896,0.63184896
79,433.896,0.639706112
80,433.896,0.647260928
81,433.896,0.655686912
82,433.896,0.66336512
83,433.896,0.671079936
84,433.896,0.678774016
85,433.896,0.686470912
86,433.896,0.694258944
87,433.896,0.70257408
88,433.896,0.710287104
89,449.654,0.717764096
90,449.654,0.725628928
91,449.654,0.733277952
92,449.654,0.740989952
93,449.654,0.749350912
94,449.654,0.757171968
95,449.654,0.764838144
96,449.654,0.772766976
97,449.654,0.78039296
98,449.654,0.78820096
99,449.654,0.796125952
100,449.654,0.805062144
101,449.654,0.814022912
102,449.654,0.82250112
103,449.654,0.830491136
104,449.654,0.838639104
105,449.654,0.84626304
106,449.654,0.854704128
107,449.654,0.862316032
108,449.654,0.869929984
109,449.654,0.877723904
110,449.654,0.885459968
111,449.654,0.893291008
112,449.654,0.901570048
113,449.654,0.909240064
114,449.654,0.91684608
115,449.654,0.924835072
116,449.654,0.932384
117,449.654,0.940212992
118,435.689,0.949411072
119,435.689,0.957779968
120,435.689,0.965616128
121,435.689,0.97342592
122,435.689,0.981138944
123,435.689,0.98990208
124,435.689,1.00004096
125,435.689,1.008143104
126,435.689,1.015938048
127,435.689,1.02372096
128,435.689,1.031393024
129,435.689,1.039776
130,435.689,1.047494912
131,435.689,1.05536896
132,435.689,1.06315008
133,435.689,1.070818048
134,435.689,1.078371072
135,435.689,1.086754048
136,435.689,1.094473984
137,435.689,1.102194944
138,435.689,1.110097152
139,432.032,1.11768704
140,432.032,1.125547008
141,432.032,1.13380608
142,432.032,1.141688064
143,432.032,1.149396992
144,432.032,1.157217024
145,432.032,1.165164032
146,432.032,1.175577088
147,432.032,1.184115968
148,432.032,1.192091136
149,432.032,1.199742976
150,432.032,1.208591104
151,432.032,1.216150016
152,432.032,1.224420096
153,432.032,1.232161024
154,432.032,1.240470016
155,427.114,1.248498944
156,427.114,1.256391936
157,427.114,1.264505088
158,427.114,1.272399104
159,427.114,1.28004992
160,427.114,1.288772096
161,427.114,1.29655296
162,427.114,1.304268032
163,427.114,1.312719104
164,427.114,1.32055808
165,427.114,1.328158976
166,427.114,1.33589504
167,427.114,1.343608064
168,427.114,1.351910144
169,427.114,1.359732992
170,427.114,1.367424
171,427.114,1.375177984
172,427.114,1.382863104
173,427.114,1.391198976
174,427.114,1.39899392
175,427.114,1.406893056
176,427.114,1.41447296
177,427.114,1.422342144
178,427.114,1.430045952
179,427.114,1.438438912
180,427.114,1.446349056
181,427.114,1.454162944
182,427.114,1.461933056
183,427.114,1.470147072
184,427.114,1.478846976
185,427.114,1.490641152
186,427.114,1.498731008
187,427.114,1.506465024
188,427.114,1.514052096
189,427.114,1.522729984
190,427.114,1.530402048
191,427.114,1.538249984
192,427.114,1.545897984
193,427.114,1.553592064
194,427.114,1.561868032
195,427.114,1.569618944
196,427.114,1.577345024
197,427.114,1.585022976
198,427.114,1.592749056
199,427.114,1.600745984
200,427.114,1.608585984
201,427.114,1.616354048
202,427.114,1.625682944
203,427.114,1.633229056
204,436.147,1.64155392
205,436.147,1.649478912
206,436.147,1.657880064
207,436.147,1.66566016
208,436.147,1.674215936
209,436.147,1.682033152
210,436.147,1.69012096
211,436.147,1.697940992
212,436.147,1.706011904
213,436.147,1.714970112
214,436.147,1.723588096
215,436.147,1.731475968
216,436.147,1.739282944
217,436.147,1.747782912
218,436.147,1.755670016
219,436.147,1.76408192
220,380.255,1.772195072
221,380.255,1.780067072
222,380.255,1.787846144
223,380.255,1.795741952
224,380.255,1.804246016
225,380.255,1.812222976
226,380.255,1.820076032
227,380.255,1.829904128
228,380.255,1.838171136
229,380.255,1.84596608
230,380.255,1.854491904
231,380.255,1.862206976
232,380.255,1.870073088
233,380.255,1.877865984
234,380.255,1.88907008
235,380.255,1.898060032
236,380.255,1.906127104
237,380.255,1.915311104
238,380.255,1.92381696
239,380.255,1.933161984
240,380.255,1.940952064
241,380.255,1.948948992
242,380.255,1.95732992
243,380.255,1.966082048
244,380.255,1.974029056
245,380.255,1.98178304
246,380.255,1.990067968
247,380.255,1.997980928
248,380.255,2.005790976
249,380.255,2.013389056
250,380.255,2.021808128
251,380.255,2.031485952
252,380.255,2.03941504
253,380.255,2.050313984
254,380.255,2.058996992
255,380.255,2.066846976
256,380.255,2.074652928
257,380.255,2.082819072
258,380.255,2.090834944
259,380.255,2.09844096
260,380.255,2.10622208
261,380.255,2.11444992
262,380.255,2.122893056
263,380.255,2.130692096
264,380.255,2.138531072
265,380.255,2.149526016
266,380.255,2.158054144
267,380.255,2.166470144
268,380.255,2.174319104
269,380.255,2.182157056
270,380.255,2.191313152
271,380.255,2.199430144
272,380.255,2.207940096
273,380.255,2.215748096
274,380.255,2.224135936
275,380.255,2.231851008
276,380.255,2.239613952
277,380.255,2.248061952
278,380.255,2.25584896
279,380.255,2.263911936
280,380.255,2.271906048
281,380.255,2.27999104
282,380.255,2.28874496
283,421.041,2.29918208
284,421.041,2.307275008
285,421.041,2.31489408
286,421.041,2.323305984
287,421.041,2.33091712
288,421.041,2.338748928
289,421.041,2.34644992
290,421.041,2.354436096
291,421.041,2.363004928
292,421.041,2.370765056
293,421.041,2.378354944
294,421.041,2.386121984
295,421.041,2.394450944
296,421.041,2.402593024
297,421.041,2.410449152
298,421.041,2.418065152
299,421.041,2.425991936
300,421.041,2.434027008
301,421.041,2.44173696
302,421.041,2.44948992
303,421.041,2.45723904
304,421.041,2.464733952
305,421.041,2.473110016
306,421.041,2.482808064
307,364.235,2.490706944
308,364.235,2.498262016
309,364.235,2.506493952
310,364.235,2.514235136
311,364.235,2.522057984
312,364.235,2.533136128
313,414.298,2.542292992
314,414.298,2.549964032
315,414.298,2.55809792
316,414.298,2.565936128
317,414.298,2.573795072
318,414.298,2.581899008
319,414.298,2.592126976
320,414.298,2.600448
321,414.298,2.608204032
322,414.298,2.616317952
323,414.298,2.624335104
324,414.298,2.631934976
325,414.298,2.639601152
326,414.298,2.647808
327,414.298,2.655652096
328,414.298,2.663289088
329,414.298,2.671418112
330,414.298,2.67979008
331,414.298,2.68851712
332,247.049,2.696432128
333,247.049,2.704141056
334,256.862,2.71195904
335,256.862,2.71975296
336,256.862,2.727970048
337,256.862,2.73630208
338,256.862,2.743931136
339,256.862,2.751591936
340,256.862,2.759330048
341,256.862,2.766864128
342,256.862,2.775555072
343,256.862,2.783213056
344,256.862,2.791073024
345,256.862,2.798818048
346,256.862,2.807154944
347,256.862,2.817105152
348,256.862,2.824920064
349,256.862,2.83258496
350,256.862,2.840475136
351,256.862,2.849051904
352,256.862,2.857682944
353,290.829,2.865412096
354,290.829,2.873387008
355,297.415,2.881500928
356,297.415,2.889784064
357,297.415,2.897755904
358,297.415,2.90564096
359,297.415,2.913370112
360,297.415,2.923053056
361,297.415,2.93335808
362,297.415,2.941369088
363,290.186,2.949163008
364,290.186,2.957035008
365,290.186,2.96464512
366,290.186,2.973148928
367,290.186,2.981596928
368,290.186,2.989485056
369,290.186,2.997148928
370,290.186,3.004822016
371,290.186,3.012950016
372,290.186,3.020635904
373,290.186,3.028263936
374,290.186,3.03700096
375,290.186,3.046063104
376,290.186,3.053977088
377,290.186,3.061638144
378,290.186,3.06935296
379,290.186,3.07711104
380,290.186,3.085647104
381,290.186,3.0936
382,290.186,3.10139904
383,290.186,3.10932608
384,290.186,3.118889984
385,290.186,3.126733056
386,282.374,3.13447808
387,282.374,3.14222592
388,282.374,3.150364928
389,261.100,3.158872064
390,261.100,3.166957056
391,261.100,3.174813952
392,278.324,3.18256896
393,278.324,3.190452992
394,278.324,3.201010944
395,278.324,3.208941056
396,278.324,3.21720704
397,278.324,3.226212096
398,278.324,3.234104064
399,278.324,3.242547968
400,278.324,3.25022592
401,278.324,3.258598144
402,278.324,3.26628096
403,278.324,3.27422592
404,278.324,3.281908992
405,278.324,3.290203136
406,278.324,3.297927936
407,278.324,3.305698048
408,278.324,3.313458944
409,318.824,3.32141696
410,233.510,3.329184
411,233.510,3.337519104
412,233.510,3.345172992
413,233.510,3.352829952
414,233.510,3.360856064
415,223.384,3.368519936
416,223.384,3.376126976
417,223.384,3.384267008
418,223.384,3.39229312
419,223.384,3.399878912
420,223.384,3.407760128
421,223.384,3.415280128
422,223.384,3.422891008
423,223.384,3.431002112
424,223.384,3.438703104
425,223.384,3.44624
426,223.384,3.454684928
427,223.384,3.465121024
428,223.384,3.473376
429,223.384,3.481654016
430,223.384,3.489627904
431,223.384,3.497214976
432,223.384,3.504948992
433,223.384,3.512760064
434,223.384,3.520603136
435,223.384,3.528707072
436,223.384,3.53688704
437,223.384,3.544602112
438,223.384,3.552252928
439,233.964,3.560140032
440,233.964,3.571046144
441,233.964,3.58056192
442,233.964,3.58850304
443,233.964,3.596157952
444,233.964,3.603851008
445,233.964,3.61156096
446,233.964,3.61922304
447,233.964,3.627257088
448,233.964,3.634983936
449,233.964,3.64264704
450,233.964,3.650171136
451,233.964,3.657999104
452,233.964,3.66552704
453,233.964,3.673769984
454,233.964,3.681476096
455,233.964,3.68913792
456,233.964,3.696751104
457,233.964,3.704681984
458,233.964,3.713656064
459,233.964,3.72157696
460,233.964,3.72915712
461,233.964,3.736809984
462,233.964,3.744504064
463,233.964,3.752166912
464,233.964,3.760263936
465,233.964,3.76829312
466,233.964,3.775954944
467,233.964,3.78349696
468,233.964,3.79142912
469,233.964,3.799510016
470,233.964,3.808177152
471,233.964,3.816187136
472,233.964,3.823943936
473,233.964,3.83167104
474,233.964,3.839772928
475,233.964,3.84814592
476,233.964,3.855971072
477,233.964,3.863536128
478,233.964,3.871373056
479,233.964,3.879577088
480,233.964,3.889676032
481,233.964,3.897442048
482,233.964,3.905446144
483,233.964,3.913266944
484,233.964,3.920931072
485,233.964,3.929104128
486,233.964,3.93723008
487,233.964,3.944827136
488,233.964,3.95243904
489,233.964,3.963643136
490,233.964,3.972459008
491,233.964,3.980228096
492,233.964,3.988075008
493,233.964,3.995803136
494,233.964,4.003581952
495,287.415,4.011806976
496,287.415,4.01958912
497,287.415,4.027254016
498,287.415,4.034998016
499,287.415,4.042717952
500,287.415,4.05025408
501,287.415,4.058796032
502,287.415,4.066420992
503,297.067,4.075020032
504,297.067,4.083570944
505,297.067,4.091804928
506,297.067,4.10018304
507,297.067,4.108017152
508,297.067,4.118857984
509,297.067,4.126944
510,297.067,4.135194112
511,297.067,4.142827008
512,297.067,4.150449152
513,297.067,4.158310912
514,297.067,4.16596608
515,297.067,4.174291968
516,297.067,4.181926912
517,297.067,4.189744128
518,297.067,4.197511936
519,297.067,4.205242112
520,297.067,4.213346048
521,297.067,4.221353984
522,297.067,4.229078016
523,297.067,4.236848128
524,297.067,4.244665088
525,297.067,4.252865024
526,297.067,4.26067712
527,297.067,4.268467968
528,297.067,4.276105984
529,297.067,4.284303104
530,297.067,4.292227072
531,297.067,4.29988096
532,297.067,4.307727104
533,297.067,4.315644928
534,297.067,4.324041984
535,297.067,4.33182208
536,297.067,4.340347136
537,297.067,4.348344064
538,297.067,4.356659968
539,297.067,4.364265984
540,297.067,4.372254976
541,297.067,4.379870976
542,297.067,4.388538112
543,297.067,4.39677312
544,297.067,4.404651008
545,297.067,4.412620032
546,238.651,4.420323072
547,238.651,4.428513024
548,238.651,4.436177152
549,238.651,4.443811072
550,238.651,4.451430912
551,238.651,4.459357952
552,238.651,4.467512064
553,238.651,4.47634816
554,238.651,4.484018944
555,238.651,4.491757056
556,238.651,4.500026112
557,238.651,4.507777024
558,238.651,4.516089088
559,238.651,4.524793088
560,238.651,4.534171136
561,238.651,4.542915072
562,238.651,4.550592
563,238.651,4.558387968
564,238.651,4.56651392
565,238.651,4.574397952
566,238.651,4.582025984
567,238.651,4.58973696
568,238.651,4.597441024
569,238.651,4.605620992
570,238.651,4.613289984
571,238.651,4.621092096
572,238.651,4.62883712
573,238.651,4.637086976
574,238.651,4.644825088
575,238.651,4.652272128
576,238.651,4.660004096
577,238.651,4.667748096
578,238.651,4.676036096
579,238.651,4.683571968
580,238.651,4.691514112
581,280.892,4.699003136
582,280.892,4.706694912
583,280.892,4.714449152
584,280.892,4.722939136
585,280.892,4.730653952
586,280.892,4.738547968
587,280.892,4.746121984
588,280.892,4.753746944
589,280.892,4.761548032
590,280.892,4.769214976
591,280.892,4.777857024
592,280.892,4.78550912
593,280.892,4.793106944
594,280.892,4.800751104
595,280.892,4.808491008
596,280.892,4.816194048
597,280.892,4.824780032
598,280.892,4.832429056
599,280.892,4.840188928
600,280.892,4.847910144
601,280.892,4.855651072
602,280.892,4.863260928
603,280.892,4.871700992
604,280.892,4.879350016
605,280.892,4.887129088
606,280.892,4.89492992
607,280.892,4.902688
608,280.892,4.910342912
609,280.892,4.918622976
610,280.892,4.926589952
611,280.892,4.934444032
612,280.892,4.942221056
613,280.892,4.949891072
614,280.892,4.957903104
615,280.892,4.965999104
616,280.892,4.973848064
617,261.720,4.981588992
618,261.720,4.989456128
619,261.720,4.997478912
620,261.720,5.005844992
621,261.720,5.013682944
622,261.720,5.021606912
623,261.720,5.029222912
624,261.720,5.03680896
625,261.720,5.044514048
626,261.720,5.052700928
627,261.720,5.060420096
628,261.720,5.068090112
629,261.720,5.07575808
630,261.720,5.083334912
631,261.720,5.091232
632,261.720,5.099569152
633,261.720,5.107414016
634,261.720,5.115844096
635,261.720,5.123668992
636,261.720,5.13150592
637,261.720,5.139805952
638,261.720,5.147405056
639,261.720,5.155165952
640,261.720,5.16289408
641,261.720,5.170584064
642,261.720,5.178228992
643,261.720,5.186445056
644,261.720,5.194244096
645,261.720,5.20203008
646,261.720,5.21021696
647,261.720,5.217771008
648,261.720,5.226401024
649,261.720,5.234436096
650,261.720,5.24250112
651,261.720,5.250108928
652,261.720,5.257856
653,261.720,5.265644032
654,261.720,5.273886976
655,261.720,5.281457152
656,261.720,5.289391104
657,261.720,5.296978944
658,261.720,5.305362944
659,261.720,5.313624064
660,261.720,5.321551104
661,261.720,5.329478912
662,261.720,5.337609984
663,261.720,5.345196032
664,261.720,5.353500928
665,261.720,5.361330944
666,261.720,5.369089024
667,261.720,5.376876032
668,261.720,5.384553984
669,261.720,5.392347904
670,261.720,5.400612096
671,298.912,5.408499968
672,261.720,5.416233984
673,261.720,5.424088064
674,261.720,5.431751936
675,261.720,5.440210944
676,261.720,5.447920128
677,261.720,5.455705088
678,261.720,5.463475968
679,261.720,5.471172096
680,261.720,5.479366912
681,261.720,5.487148032
682,261.720,5.494971136
683,261.720,5.50270208
684,261.720,5.510578944
685,261.720,5.518817024
686,261.720,5.526865152
687,261.720,5.534539008
688,261.720,5.543267072
689,261.720,5.551043072
690,261.720,5.55937792
691,261.720,5.567148032
692,261.720,5.574932992
693,261.720,5.582443008
694,261.720,5.590200064
695,261.720,5.598445056
696,261.720,5.606260992
697,261.720,5.614195968
698,261.720,5.62196096
699,261.720,5.630260992
700,261.720,5.638191104
701,261.720,5.64603392
702,261.720,5.653762048
703,261.720,5.661581056
704,261.720,5.669940992
705,261.720,5.677728
706,332.927,5.685242112
707,261.720,5.694578944
708,261.720,5.70354816
709,261.720,5.71169408
710,261.720,5.719478016
711,261.720,5.727212032
712,261.720,5.734841088
713,261.720,5.743116032
714,261.720,5.75070592
715,157.537,5.758675968
716,157.537,5.766393088
717,283.310,5.774132992
718,157.537,5.782420992
719,157.537,5.790759936
720,157.537,5.79912192
721,162.829,5.807371008
722,157.537,5.81659008
723,157.537,5.82442112
724,157.537,5.832059136
725,157.537,5.839830016
726,157.537,5.847725056
727,109.703,5.856137984
728,109.703,5.864
729,109.703,5.871750144
730,109.703,5.879424
731,109.452,5.887945984
732,109.452,5.895627008
733,109.452,5.903414016
734,109.452,5.911245056
735,109.452,5.918927104
736,109.452,5.927396096
737,109.452,5.93498496
738,109.452,5.942678016
739,109.452,5.950802944
740,109.452,5.958575104
741,109.452,5.966736128
742,109.452,5.974659072
743,109.452,5.982321152
744,109.452,5.99022592
745,109.452,5.998028032
746,109.452,6.006269952
747,109.452,6.01552512
748,109.452,6.023352064
749,109.452,6.031067904
750,100.513,6.038877952
751,100.513,6.047098112
752,100.513,6.055289088
753,100.513,6.062931968
754,100.513,6.070494976
755,100.513,6.078182144
756,100.513,6.086191104
757,100.513,6.09375104
758,100.513,6.101400064
759,84.069,6.109152
760,84.069,6.11698304
761,84.069,6.125315072
762,84.069,6.132838144
763,84.069,6.14050304
764,84.069,6.148198912
765,84.069,6.156446976
766,84.069,6.16471808
767,84.069,6.172484096
768,83.158,6.180158976
769,83.158,6.187932928
770,83.158,6.196211968
771,83.158,6.203942912
772,83.158,6.211782144
773,83.158,6.219467008
774,101.870,6.227089152
775,83.158,6.235326976
776,83.158,6.243134976
777,83.158,6.250731008
778,83.158,6.258685952
779,83.158,6.266235136
780,83.158,6.274425088
781,83.158,6.282123008
782,83.158,6.289926144
783,83.158,6.297564928
784,83.158,6.30589696
785,83.158,6.31348992
786,83.158,6.321357056
787,83.158,6.329984
788,83.158,6.338508032
789,83.158,6.346321152
790,83.158,6.354732032
791,83.158,6.36259712
792,83.158,6.370394112
793,83.158,6.378365952
794,83.158,6.386157056
795,83.158,6.394939136
796,83.158,6.402784
797,83.158,6.410628096
798,78.957,6.418369024
799,78.957,6.427174144
800,78.957,6.43582592
801,78.957,6.443739904
802,78.957,6.45141504
803,101.735,6.45914496
804,90.739,6.46683008
805,78.957,6.47520512
806,78.957,6.483129088
807,89.301,6.49094912
808,78.957,6.49844992
809,78.957,6.506118144
810,78.957,6.51438208
811,78.957,6.522383104
812,78.957,6.53185792
813,78.957,6.539718912
814,78.957,6.550118912
815,78.957,6.558194944
816,78.957,6.566505984
817,78.957,6.576064
818,78.957,6.58463616
819,78.957,6.592313088
820,78.957,6.60050304
821,78.957,6.608305152
822,78.957,6.615951104
823,78.957,6.62397696
824,78.957,6.631677952
825,78.957,6.640062976
826,78.957,6.647823104
827,78.957,6.655604992
828,78.957,6.663305984
829,78.957,6.670982144
830,78.957,6.679186944
831,78.957,6.68709504
832,78.957,6.694790144
833,78.957,6.702319104
834,78.957,6.710481152
835,78.957,6.718592
836,78.957,6.726569984
837,78.957,6.73754496
838,78.957,6.745524992
839,78.957,6.753203968
840,78.957,6.760803072
841,78.957,6.769103104
842,78.957,6.776953088
843,78.957,6.784489984
844,78.957,6.79242112
845,78.957,6.80007808
846,78.957,6.808466944
847,78.957,6.816172032
848,78.957,6.824561152
849,78.957,6.832417024
850,78.957,6.84044416
851,78.957,6.84823808
852,78.957,6.856854016
853,78.957,6.86456704
854,78.957,6.873632
855,78.957,6.881346048
856,78.957,6.889172992
857,78.957,6.896914944
858,78.957,6.90516608
859,78.957,6.913020928
860,78.957,6.920615936
861,78.957,6.92826112
862,78.957,6.935837952
863,78.957,6.944177152
864,78.957,6.951708928
865,78.957,6.960237056
866,78.957,6.96806016
867,78.957,6.975771136
868,78.957,6.98347904
869,78.957,6.991783936
870,78.957,6.99933696
871,78.957,7.007209984
872,78.957,7.014797056
873,78.957,7.02251008
874,78.957,7.030859008
875,102.242,7.038642944
876,78.957,7.046310144
877,78.957,7.054004992
878,78.957,7.062274048
879,78.957,7.070840064
880,78.957,7.078385152
881,78.957,7.085899008
882,78.957,7.093661952
883,99.825,7.101204992
884,76.878,7.110717952
885,76.878,7.119195904
886,76.878,7.126912
887,76.878,7.13473408
888,76.878,7.142524928
889,76.878,7.15072512
890,76.878,7.158604032
891,76.878,7.166215936
892,76.878,7.17424896
893,76.878,7.184240128
894,76.878,7.194626048
895,76.878,7.202390016
896,76.878,7.210438144
897,76.878,7.218010112
898,76.878,7.227878912
899,76.878,7.237265152
900,76.878,7.24507392
901,71.401,7.252833024
902,71.401,7.260573952
903,71.401,7.268274944
904,71.401,7.276903936
905,71.401,7.284598016
906,71.401,7.29247104
907,71.401,7.300121088
908,71.401,7.307834112
909,71.401,7.315898112
910,71.401,7.323814912
911,71.401,7.331409152
912,71.401,7.339133952
913,71.401,7.346654976
914,71.401,7.354867968
915,71.401,7.362488064
916,71.401,7.370118912
917,71.401,7.377862144
918,71.401,7.385569024
919,71.401,7.393711104
920,71.401,7.40534912
921,71.401,7.413383936
922,71.401,7.421057024
923,71.401,7.428609024
924,71.401,7.436765952
925,71.401,7.444425984
926,71.401,7.45204096
927,71.401,7.459810048
928,71.401,7.46744704
929,71.401,7.47517312
930,71.401,7.483651072
931,71.401,7.491613952
932,71.401,7.499346944
933,71.401,7.50715392
934,71.401,7.514707968
935,71.401,7.522534912
936,71.401,7.531739136
937,71.401,7.540502016
938,71.401,7.548192
939,71.401,7.556681984
940,71.401,7.564540928
941,71.401,7.57271296
942,71.401,7.580225024
943,71.401,7.588326144
944,71.401,7.59668096
945,71.401,7.605522944
946,71.401,7.615687936
947,71.401,7.623742976
948,71.401,7.631297024
949,71.401,7.63908608
950,34.356,7.646732032
951,34.356,7.654443008
952,34.356,7.66275712
953,34.356,7.670508032
954,34.356,7.678193152
955,34.356,7.686063104
956,34.356,7.693820928
957,34.356,7.70196992
958,34.356,7.710672128
959,34.356,7.718310912
960,34.356,7.728058112
961,34.356,7.736589056
962,34.356,7.744926976
963,34.356,7.752679936
964,34.356,7.760579072
965,34.356,7.768580096
966,34.356,7.776250112
967,34.356,7.784547072
968,34.356,7.792413952
969,34.356,7.800064
970,34.356,7.808045056
971,34.356,7.815699968
972,34.356,7.82484992
973,34.356,7.832592128
974,34.356,7.84031104
975,34.356,7.84801792
976,34.356,7.857377024
977,34.356,7.867419136
978,34.356,7.875328
979,34.356,7.883181056
980,34.356,7.890995968
981,34.356,7.89856512
982,34.356,7.906918912
983,35.982,7.917410048
984,34.356,7.92644992
985,34.356,7.934013952
986,34.356,7.942435072
987,28.068,7.95050496
988,28.920,7.958329088
989,27.949,7.965933056
990,27.949,7.973575936
991,27.949,7.981179136
992,27.949,7.989513984
993,27.949,7.997266944
994,27.949,8.005100032
995,27.949,8.012740096
996,27.949,8.02042112
997,27.949,8.028243968
998,27.949,8.036438016
999,27.949,8.044016128
1000,27.949,8.051608064
1001,27.949,8.059266048
1002,27.949,8.066797056
1003,27.949,8.075394048
1004,27.949,8.08292096
1005,27.949,8.090534912
1006,27.949,8.098251008
1007,27.949,8.105967104
1008,27.949,8.114657024
1009,27.949,8.126052096
1010,27.949,8.13382912
1011,27.949,8.141533952
1012,27.949,8.149144064
1013,27.949,8.157086976
1014,27.949,8.16459392
1015,27.949,8.17277312
1016,27.949,8.180699904
1017,27.949,8.189209088
1018,27.949,8.197394944
1019,27.949,8.205332992
1020,27.949,8.213617152
1021,27.949,8.221491968
1022,27.949,8.229197056
1023,27.949,8.236975104
1024,27.949,8.245380096
1025,27.949,8.25355904
1026,27.949,8.261478144
1027,27.949,8.269187072
1028,27.949,8.27691392
1029,27.949,8.284795136
1030,42.041,8.292608
1031,27.949,8.301104128
1032,27.949,8.308886016
1033,27.949,8.316399104
1034,27.949,8.324194048
1035,27.949,8.33424512
1036,27.949,8.344032
1037,27.949,8.351779072
1038,27.949,8.359645952
1039,27.949,8.36719104
1040,27.949,8.37515008
1041,27.949,8.383489024
1042,27.949,8.391408128
1043,27.949,8.399280128
1044,27.949,8.40740096
1045,27.949,8.415179008
1046,27.949,8.423501056
1047,27.949,8.431213056
1048,27.949,8.439059968
1049,27.949,8.446843136
1050,27.949,8.454642944
1051,27.949,8.463026944
1052,27.949,8.47073792
1053,27.949,8.478458112
1054,27.949,8.486169088
1055,27.949,8.49400192
1056,27.949,8.502156032
1057,27.949,8.509899008
1058,27.949,8.517548032
1059,27.949,8.525393152
1060,27.949,8.533201152
1061,27.949,8.541510912
1062,27.949,8.549085952
1063,27.949,8.55792
1064,27.949,8.56550912
1065,27.949,8.57332992
1066,27.949,8.581389056
1067,27.949,8.589196032
1068,27.949,8.596993024
1069,27.949,8.605170944
1070,27.949,8.61326208
1071,27.949,8.621648128
1072,27.949,8.629331968
1073,27.949,8.63703808
1074,27.949,8.644861952
1075,27.949,8.652531968
1076,27.893,8.660838912
1077,27.893,8.668641024
1078,27.893,8.676308992
1079,27.893,8.684241152
1080,27.893,8.692555008
1081,27.893,8.70030592
1082,27.893,8.708207104
1083,27.893,8.71572096
1084,27.893,8.723439104
1085,27.893,8.731645952
1086,27.893,8.739489024
1087,27.893,8.74721408
1088,27.893,8.755008
1089,27.893,8.763243008
1090,27.893,8.77104512
1091,27.893,8.778784
1092,27.893,8.786392064
1093,27.893,8.795577088
1094,27.893,8.804111104
1095,27.893,8.812062976
1096,27.893,8.81983616
1097,27.893,8.827418112
1098,27.893,8.835730944
1099,27.893,8.843476992
1100,27.893,8.851037952
1101,27.893,8.858900992
1102,27.893,8.866439936
1103,27.893,8.874637056
1104,27.893,8.882462976
1105,27.893,8.890243072
1106,27.893,8.897743104
1107,27.893,8.905722112
1108,27.893,8.91395712
1109,27.893,8.92237312
1110,27.893,8.930210048
1111,27.893,8.937990144
1112,27.893,8.945790976
1113,27.893,8.953474048
1114,27.893,8.961580032
1115,27.893,8.969350912
1116,27.893,8.977176064
1117,27.893,8.984747008
1118,27.893,8.992793088
1119,31.695,9.001025024
1120,27.893,9.010731008
1121,27.893,9.019549952
1122,27.893,9.027472128
1123,27.893,9.035055104
1124,27.893,9.043512064
1125,27.893,9.051188992
1126,27.893,9.059003136
1127,27.893,9.066614016
1128,27.893,9.074432
1129,27.893,9.082494976
1130,27.893,9.090264064
1131,27.893,9.097824
1132,27.893,9.105438976
1133,27.893,9.11357312
1134,27.893,9.12129408
1135,27.893,9.129028096
1136,27.893,9.136802048
1137,27.893,9.144563968
1138,27.893,9.152683008
1139,27.893,9.160674048
1140,27.893,9.168385024
1141,27.893,9.176098048
1142,27.893,9.183766016
1143,27.893,9.191934976
1144,27.893,9.19950592
1145,27.893,9.207388928
1146,27.893,9.214947072
1147,27.893,9.222770944
1148,27.893,9.231072
1149,27.893,9.238752
1150,27.893,9.246330112
1151,27.893,9.254002944
1152,27.893,9.262289152
1153,27.893,9.270029056
1154,27.893,9.277948928
1155,27.893,9.28552192
1156,27.893,9.294279936
1157,27.893,9.30284416
1158,27.893,9.310692096
1159,27.893,9.318550016
1160,27.893,9.326322944
1161,27.893,9.334589952
1162,27.893,9.342534912
1163,27.893,9.350107904
1164,27.893,9.358012928
1165,27.893,9.366110976
1166,19.077,9.37383808
1167,19.077,9.381652992
1168,19.077,9.389417984
1169,19.077,9.397014016
1170,19.077,9.405426944
1171,19.077,9.413027072
1172,19.077,9.420772096
1173,19.077,9.429287936
1174,19.238,9.437026048
1175,19.077,9.445275904
1176,19.077,9.452862976
1177,19.077,9.46042496
1178,19.077,9.46821504
1179,19.077,9.475996928
1180,19.077,9.484217088
1181,19.077,9.49220096
1182,19.077,9.49984
1183,19.077,9.50749312
1184,19.077,9.515202048
1185,19.077,9.523713024
1186,19.077,9.531544064
1187,19.077,9.539344128
1188,19.077,9.547060992
1189,19.077,9.555037952
1190,19.077,9.563134976
1191,19.077,9.57089408
1192,19.077,9.578706944
1193,19.077,9.586366976
1194,19.077,9.593968128
1195,19.077,9.602288128
1196,19.077,9.610022144
1197,19.077,9.617630976
1198,19.077,9.625563136
1199,19.077,9.63322496
1200,19.077,9.642785024
1201,19.077,9.650648064
1202,19.077,9.658476032
1203,19.077,9.666290944
1204,19.077,9.674002944
1205,19.077,9.682112
1206,19.077,9.689939968
1207,19.077,9.697523968
1208,19.077,9.705323008
1209,19.077,9.713442048
1210,19.077,9.721249024
1211,19.077,9.729123072
1212,19.077,9.737179136
1213,19.077,9.744764928
1214,19.077,9.753062144
1215,19.077,9.760915968
1216,19.077,9.768556032
1217,19.077,9.776428032
1218,19.077,9.784013056
1219,19.077,9.79252096
1220,19.077,9.800180992
1221,19.077,9.807910912
1222,19.077,9.81556096
1223,19.077,9.823979008
1224,19.077,9.83167616
1225,19.077,9.839997952
1226,19.676,9.847481088
1227,19.077,9.85515904
1228,19.077,9.863329024
1229,19.077,9.871088128
1230,19.077,9.878746112
1231,19.077,9.886588928
1232,19.077,9.894368
1233,19.077,9.901933056
1234,19.077,9.910505984
1235,19.077,9.918255104
1236,19.077,9.926214144
1237,19.124,9.933933056
1238,19.077,9.941702912
1239,19.077,9.950040064
1240,19.077,9.957950976
1241,19.077,9.96555904
1242,19.077,9.973443072
1243,19.077,9.981017088
1244,19.077,9.989241088
1245,19.077,9.997107968
1246,19.077,10.004841984
1247,19.077,10.012444928
1248,19.077,10.020529152
1249,19.077,10.031283968
1250,19.077,10.039298048
1251,19.077,10.046950912
1252,19.077,10.054939136
1253,19.077,10.063331072
1254,19.077,10.071678976
1255,19.077,10.079363072
1256,19.077,10.086934016
1257,19.077,10.094745088
1258,19.077,10.102513152
1259,19.077,10.11067392
1260,19.077,10.118561024
1261,19.077,10.126369024
1262,19.077,10.133888
1263,19.077,10.142132992
1264,19.077,10.150304
1265,19.077,10.159148032
1266,19.077,10.166966016
1267,19.077,10.174739968
1268,19.077,10.182612992
1269,19.077,10.19099904
1270,19.077,10.198712064
1271,19.077,10.206449152
1272,19.077,10.214023936
1273,27.974,10.221869056
1274,19.077,10.231025152
1275,19.077,10.239036928
1276,19.077,10.247000064
1277,19.077,10.254778112
1278,19.077,10.262435072
1279,19.077,10.270833152
1280,19.077,10.279168
1281,19.077,10.286808064
1282,19.077,10.294550016
1283,19.077,10.302669056
1284,19.077,10.310432
1285,19.077,10.31822592
1286,19.077,10.325980928
1287,19.077,10.333691136
1288,19.077,10.341895936
1289,19.077,10.349675008
1290,19.077,10.357523968
1291,19.077,10.365266944
1292,19.077,10.373722112
1293,19.077,10.381297152
1294,19.077,10.389487104
1295,19.077,10.397401088
1296,19.077,10.40524416
1297,19.077,10.413830912
1298,19.077,10.421488128
1299,19.077,10.429299968
1300,19.077,10.437243136
1301,19.077,10.446212096
1302,19.077,10.45390208
1303,19.077,10.461777152
1304,19.077,10.469522944
1305,19.077,10.478713088
1306,19.077,10.487355136
1307,19.077,10.495187968
1308,19.077,10.50344192
1309,19.077,10.511648
1310,19.077,10.51956992
1311,19.077,10.527836928
1312,19.077,10.535648
1313,19.077,10.544435968
1314,19.077,10.551974912
1315,19.077,10.561065984
1316,19.077,10.57087616
1317,19.077,10.578419968
1318,19.077,10.585886976
1319,19.077,10.593825024
1320,19.077,10.601455104
1321,19.077,10.609679104
1322,19.077,10.621409024
1323,19.077,10.629552128
1324,19.077,10.637350912
1325,19.077,10.644978944
1326,19.077,10.653568
1327,19.077,10.661387008
1328,18.294,10.66911104
1329,18.294,10.676889088
1330,18.294,10.68449408
1331,18.294,10.692852992
1332,18.294,10.700473088
1333,18.294,10.70826112
1334,18.294,10.716083968
1335,18.294,10.724659968
1336,18.294,10.732288
1337,18.294,10.740147968
1338,18.294,10.74775296
1339,18.294,10.755570944
1340,18.294,10.76395008
1341,18.294,10.771721984
1342,18.294,10.77951104
1343,28.573,10.787142912
1344,18.294,10.794813952
1345,18.294,10.80302592
1346,18.294,10.810868992
1347,18.294,10.818407936
1348,18.294,10.82631808
1349,18.294,10.834780928
1350,18.294,10.84324992
1351,18.294,10.850963968
1352,18.294,10.858818048
1353,18.294,10.867099904
1354,18.294,10.878211072
1355,18.294,10.886272
1356,12.843,10.893996032
1357,12.843,10.902257152
1358,12.843,10.910102016
1359,12.843,10.918096128
1360,12.843,10.926068992
1361,12.843,10.933810944
1362,12.843,10.941944064
1363,12.843,10.950171136
1364,12.843,10.958038016
1365,12.843,10.965822976
1366,12.843,10.97355392
1367,12.843,10.981666048
1368,12.843,10.989603072
1369,19.676,10.997460992
1370,12.843,11.007963136
1371,12.843,11.016367104
1372,12.843,11.025691136
1373,12.843,11.033530112
1374,12.843,11.041613056
1375,12.843,11.04914816
1376,12.843,11.05732608
1377,12.843,11.065356032
1378,12.843,11.07311104
1379,12.843,11.08094208
1380,12.843,11.089360128
1381,12.843,11.097286912
1382,12.843,11.105191936
1383,12.843,11.112792064
1384,12.843,11.122608128
1385,12.843,11.131748096
1386,12.843,11.13965312
1387,12.843,11.147638016
1388,12.843,11.155323136
1389,12.843,11.16305792
1390,12.843,11.170932992
1391,12.843,11.179000064
1392,12.843,11.186829056
1393,12.843,11.19455104
1394,12.843,11.20212608
1395,12.843,11.210065152
1396,12.843,11.21832704
1397,12.843,11.227152128
1398,12.843,11.234938112
1399,12.843,11.242852096
1400,12.843,11.25069312
1401,12.843,11.259270912
1402,12.843,11.267087104
1403,12.843,11.274957056
1404,12.843,11.282528
1405,12.843,11.292675072
1406,12.843,11.301547008
1407,12.843,11.309392128
1408,12.843,11.317009152
1409,12.843,11.324875008
1410,12.843,11.33317504
1411,12.843,11.34098304
1412,12.843,11.348929024
1413,12.843,11.35684096
1414,12.843,11.364546048
1415,12.843,11.373216
1416,12.843,11.38397312
1417,11.394,11.392642048
1418,11.394,11.40020992
1419,11.394,11.40795008
1420,11.394,11.415876096
1421,11.394,11.423672064
1422,11.394,11.43129216
1423,11.055,11.438923008
1424,11.055,11.446535936
1425,11.055,11.454672128
1426,11.055,11.462366976
1427,11.055,11.470043904
1428,11.055,11.477848064
1429,11.055,11.485419008
1430,11.055,11.49395712
1431,11.055,11.501549056
1432,11.055,11.509498112
1433,11.055,11.517209088
1434,11.055,11.525635072
1435,11.055,11.533551104
1436,11.055,11.541848064
1437,11.055,11.549496064
1438,11.055,11.557264128
1439,11.055,11.564784128
1440,12.972,11.572651008
1441,11.055,11.58084096
1442,11.055,11.588443136
1443,11.055,11.596061952
1444,11.055,11.60423808
1445,11.055,11.61528704
1446,11.055,11.623473152
1447,11.055,11.63176704
1448,11.055,11.63960192
1449,11.055,11.647134976
1450,11.055,11.654877952
1451,14.046,11.662777088
1452,11.055,11.670886912
1453,11.055,11.678688
1454,11.055,11.686321152
1455,11.055,11.693986048
1456,11.055,11.701478912
1457,11.055,11.710468096
1458,11.055,11.718073088
1459,11.055,11.725950976
1460,11.055,11.733565952
1461,11.055,11.74131712
1462,11.055,11.749498112
1463,11.055,11.757234944
1464,11.055,11.765019904
1465,11.055,11.772890112
1466,11.055,11.780779008
1467,11.055,11.792219904
1468,11.055,11.800771072
1469,11.055,11.808578048
1470,11.055,11.816103936
1471,11.055,11.823926016
1472,3.951,11.831643904
1473,3.951,11.83998208
1474,3.951,11.847681024
1475,3.716,11.855435008
1476,3.716,11.86310912
1477,3.716,11.870854912
1478,3.716,11.879772928
1479,3.716,11.887446016
1480,3.716,11.896113152
1481,3.716,11.90464
1482,3.716,11.913089024
1483,3.716,11.920972032
1484,3.716,11.928963072
1485,3.716,11.93731712
1486,3.716,11.945411072
1487,3.716,11.953639936
1488,3.716,11.961362944
1489,3.716,11.968976128
1490,3.716,11.976980992
1491,3.716,11.984947968
1492,3.716,11.993425152
1493,3.716,12.001169152
1494,3.716,12.009086976
1495,3.716,12.016884992
1496,3.716,12.024625152
1497,3.716,12.032851968
1498,3.716,12.040745984
1499,3.716,12.048413952
1500,3.716,12.056250112
1501,3.716,12.064710912
1502,3.666,12.072544
1503,3.666,12.080475136
1504,3.666,12.088540928
1505,3.666,12.096745984
1506,3.622,12.10521216
1507,3.251,12.112804096
1508,3.251,12.12070016
1509,3.251,12.12845696
1510,3.251,12.13665792
1511,3.251,12.14452992
1512,3.251,12.152080128
1513,3.251,12.159949056
1514,3.251,12.167652096
1515,3.251,12.175439104
1516,3.251,12.183673088
1517,3.251,12.192601088
1518,3.251,12.200307968
1519,2.531,12.208091904
1520,2.531,12.215616
1521,2.531,12.223898112
1522,2.531,12.23169792
1523,2.531,12.239577088
1524,1.378,12.247759104
1525,1.378,12.255757056
1526,1.378,12.26624
1527,1.378,12.274330112
1528,1.378,12.282014976
1529,1.378,12.290038016
1530,1.378,12.297692928
1531,1.378,12.30559616
1532,1.378,12.313991936
1533,1.378,12.322584064
1534,1.378,12.330499072
1535,1.378,12.338289152
1536,1.293,12.345857024
1537,1.293,12.354200064
1538,1.293,12.361979136
1539,1.293,12.370136064
1540,1.293,12.378070016
1541,1.293,12.385739008
1542,1.293,12.394427136
1543,0.813,12.402013952
1544,0.813,12.409786112
1545,0.813,12.417586944
1546,0.813,12.425345024
1547,0.813,12.4336
1548,0.813,12.441517056
1549,0.813,12.451149056
1550,0.813,12.460242944
1551,0.813,12.467894016
1552,0.813,12.476397056
1553,0.813,12.484103936
1554,0.813,12.492130048
1555,0.813,12.499853056
1556,0.813,12.507666944
1557,0.813,12.516647936
1558,0.813,12.52576896
1559,0.813,12.533515008
1560,0.813,12.541372928
1561,0.813,12.54954496
1562,0.813,12.557432064
1563,0.813,12.56542592
1564,0.813,12.573447936
1565,0.813,12.581054976
1566,1.123,12.590214144
1567,0.813,12.598316032
1568,0.813,12.606011136
1569,0.813,12.613722112
1570,0.813,12.621415936
1571,0.813,12.629650944
1572,0.813,12.637542144
1573,0.813,12.645376
1574,0.813,12.653881088
1575,0.813,12.663442944
1576,0.813,12.671262976
1577,0.431,12.679337984

Error results for GA
---------------------------
0,485.046,0.207824128
1,354.404,0.413336064
2,252.362,0.620786944
3,402.375,0.82637696
4,260.280,1.035211008
5,225.946,1.238151168
6,331.158,1.447753984
7,265.021,1.670808064
8,217.597,1.872865024
9,210.893,2.076534016
10,212.129,2.288272128
11,266.577,2.491890944
12,180.312,2.701607168
13,258.855,2.908660992
14,160.020,3.114426112
15,126.996,3.325547008
16,215.106,3.536560128
17,134.118,3.755904
18,176.471,3.969616128
19,67.536,4.17453696
20,237.277,4.382881024
21,126.996,4.598912
22,64.129,4.809347072
23,164.858,5.021110016
24,65.004,5.222902016
25,71.792,5.432327168
26,63.296,5.634017024
27,78.775,5.838891008
28,43.605,6.044032
29,56.000,6.250194176
30,57.917,6.44735104
31,47.808,6.655177984
32,42.864,6.86329216
33,57.662,7.061519104
34,40.782,7.26551296
35,32.525,7.473456128
36,30.398,7.68928
37,34.916,7.893042176
38,31.335,8.101754112
39,41.662,8.308126976
40,25.986,8.518785024
41,38.983,8.719066112
42,29.040,8.926736128
43,36.404,9.139372032
44,20.992,9.354907136
45,24.704,9.56324608
46,15.144,9.77152512
47,23.812,9.979369984
48,15.144,10.190355968
49,15.995,10.396318976
50,15.144,10.603723008
51,17.597,10.821906944
52,15.144,11.032176128
53,18.091,11.24041216
54,15.144,11.446012928
55,17.597,11.647443968
56,15.144,11.854865152
57,15.144,12.05362304
58,15.144,12.263321088
59,15.144,12.476551936
60,15.144,12.695315968
61,15.995,12.902619136
62,15.144,13.11808
63,15.144,13.327090176
64,15.995,13.537743104
65,15.144,13.742902016
66,15.144,13.961722112
67,15.144,14.17567104
68,15.995,14.385715968
69,15.144,14.59599104
70,15.144,14.809597952
71,15.144,15.03218304
72,15.995,15.240249088
73,15.144,15.445056
74,15.144,15.65211904
75,15.144,15.876886016
76,13.798,16.093549056
77,15.144,16.313350144
78,15.144,16.519316992
79,15.408,16.736482048
80,16.149,16.948772096
81,13.798,17.15620608
82,15.144,17.366091008
83,15.144,17.589382144
84,15.995,17.794554112
85,15.144,18.002919168
86,15.144,18.209632
87,17.171,18.422598144
88,15.995,18.63559808
89,15.995,18.844385024
90,15.144,19.050042112
91,15.995,19.259980032
92,15.144,19.469586944
93,15.995,19.675649024
94,15.995,19.875779072
95,15.144,20.080403968
96,11.959,20.291559168
97,17.954,20.496084992
98,15.144,20.705593088
99,15.144,20.917571072
100,15.995,21.12246016
101,15.144,21.334355968
102,15.995,21.560267008
103,15.995,21.772036096
104,15.995,21.977850112
105,15.144,22.184313088
106,18.411,22.39532416
107,15.144,22.61146112
108,15.144,22.820018944
109,15.995,23.02037504
110,15.995,23.224369152
111,11.314,23.428500992
112,11.959,23.633210112
113,10.735,23.840976128
114,11.314,24.053082112
115,14.576,24.25994496
116,10.403,24.47184
117,15.144,24.686418176
118,8.027,24.88903296
119,11.314,25.108211968
120,8.027,25.311683072
121,8.027,25.52278912
122,8.027,25.728838144
123,8.027,25.93511296
124,8.027,26.140475136
125,3.966,26.34446208
126,3.966,26.547211008
127,3.966,26.765624064
128,8.027,26.980007168
129,3.966,27.186704128
130,3.966,27.400111104
131,8.027,27.614304
132,3.966,27.819350016
133,3.318,28.040376064
134,3.966,28.245277952
135,3.132,28.453476096
136,3.553,28.667640064
137,3.132,28.88672896
138,3.553,29.091183104
139,3.132,29.30112512
140,3.132,29.501484032
141,3.132,29.709444096
142,3.132,29.915254016
143,3.132,30.12317696
144,3.132,30.33716096
145,3.132,30.54624896
146,3.132,30.742914048
147,3.132,30.958326016
148,3.132,31.162910976
149,3.132,31.369523968
150,3.663,31.598247936
151,3.132,31.809380096
152,3.132,32.026087936
153,3.132,32.242119168
154,3.132,32.455051008
155,3.132,32.658790144
156,3.132,32.863902976
157,3.132,33.07627008
158,3.132,33.294356992
159,3.132,33.51664512
160,3.132,33.723640064
161,3.132,33.926861056
162,2.140,34.125908992
163,3.132,34.331212032
164,2.627,34.539460096
165,2.434,34.749026048
166,1.438,34.96467712
167,2.434,35.17538304
168,1.660,35.385980928
169,2.434,35.581526016
170,2.140,35.788719104
171,2.140,35.99630208
172,1.660,36.201734144
173,1.660,36.401380096
174,1.660,36.612134144
175,1.660,36.823506944
176,4.601,37.03077504
177,1.660,37.245396992
178,1.681,37.450521088
179,1.660,37.649274112
180,1.586,37.861959936
181,1.660,38.072705024
182,1.681,38.281501184
183,1.213,38.494036992
184,0.976,38.707446016
185,1.213,38.918675968
186,0.774,39.122678016
187,1.213,39.325378048
188,1.213,39.52724096
189,1.383,39.73232
190,1.681,39.943778048
191,0.976,40.15959808
192,1.213,40.36409216
193,1.213,40.572332032
194,1.213,40.779872
195,1.213,40.99021696
196,1.213,41.201012992
197,0.976,41.403291136
198,1.213,41.607948032
199,1.213,41.83272704
200,0.976,42.046991104
201,0.976,42.251568128
202,0.976,42.468496128
203,0.976,42.67600512
204,0.976,42.882235136
205,1.213,43.098098944
206,0.976,43.316115968
207,0.976,43.52738304
208,0.976,43.741945088
209,0.976,43.950244096
210,1.213,44.15682304
211,0.976,44.362343936
212,0.976,44.566927104
213,0.976,44.768739072
214,0.976,44.97526016
215,0.976,45.184414976
216,0.976,45.387617024
217,0.976,45.596989952
218,0.976,45.797778176
219,0.976,46.011697152
220,0.976,46.228308992
221,1.393,46.435436032
222,0.976,46.643689984
223,0.976,46.858073088
224,0.976,47.061757952
225,0.976,47.263627008
226,0.976,47.470970112
227,0.976,47.687000064
228,0.616,47.90260608
229,0.976,48.108912128
230,0.714,48.313938176
231,0.976,48.534301952
232,0.492,48.745409024

Results for RHC: 
Correctly classified 3888.0 instances.
Incorrectly classified 0.0 instances.
Percent correctly classified: 100.000%
Training time: 12.688 seconds
Testing time: 0.011 seconds
Iterations: 1491

Results for SA: 
Correctly classified 3888.0 instances.
Incorrectly classified 0.0 instances.
Percent correctly classified: 100.000%
Training time: 12.679 seconds
Testing time: 0.011 seconds
Iterations: 1577

Results for GA: 
Correctly classified 3888.0 instances.
Incorrectly classified 0.0 instances.
Percent correctly classified: 100.000%
Training time: 48.746 seconds
Testing time: 0.011 seconds
Iterations: 232

