
Error results for RHC
---------------------------
0,370.018,0.095610112
1,369.450,0.129592064
2,369.450,0.146686976
3,369.450,0.159171072
4,369.450,0.170217984
5,369.450,0.180694016
6,369.450,0.191808
7,369.450,0.203369984
8,369.450,0.214717184
9,369.450,0.224763136
10,369.450,0.234138112
11,369.450,0.243163136
12,369.450,0.25307904
13,369.450,0.262397184
14,369.450,0.271616
15,423.756,0.281996032
16,369.450,0.293433088
17,369.450,0.304258048
18,369.450,0.31442304
19,369.450,0.325191168
20,369.450,0.33462912
21,369.450,0.344937984
22,369.450,0.354212096
23,369.450,0.363629056
24,369.450,0.372937984
25,369.450,0.382313984
26,369.450,0.393121024
27,369.450,0.403138048
28,369.450,0.413426176
29,369.450,0.422607104
30,369.450,0.432602112
31,369.450,0.443975168
32,369.450,0.45327616
33,369.450,0.462691072
34,369.450,0.47301504
35,369.450,0.48476416
36,369.450,0.494073088
37,369.450,0.503471104
38,369.450,0.513761024
39,369.450,0.525860096
40,369.450,0.535273984
41,369.450,0.54461696
42,369.450,0.553900032
43,369.450,0.563143168
44,369.450,0.572475136
45,369.450,0.583411968
46,369.450,0.592619008
47,369.450,0.604492032
48,369.450,0.614070016
49,369.450,0.623380992
50,369.450,0.63267712
51,369.450,0.641907968
52,368.094,0.651529984
53,368.094,0.661053184
54,368.094,0.672786944
55,368.094,0.684871168
56,368.094,0.697300992
57,368.094,0.709841152
58,368.094,0.722607104
59,368.094,0.735212032
60,368.094,0.747513088
61,368.094,0.759769088
62,368.094,0.772244992
63,368.094,0.783785984
64,368.094,0.793181952
65,368.094,0.802608128
66,368.094,0.811837184
67,368.094,0.821448192
68,368.094,0.83086208
69,368.094,0.842752
70,368.094,0.852507136
71,368.094,0.862028032
72,368.094,0.871590144
73,368.094,0.881063168
74,368.094,0.890525184
75,368.094,0.89981696
76,368.094,0.909127168
77,368.094,0.918540032
78,368.094,0.927721984
79,368.094,0.937281024
80,368.094,0.94754304
81,368.094,0.95677696
82,368.094,0.966247168
83,368.094,0.975382016
84,368.094,0.984829184
85,368.094,0.994064128
86,368.094,1.003410944
87,368.094,1.012702976
88,368.094,1.021908992
89,368.094,1.031326976
90,368.094,1.040696064
91,368.094,1.050136064
92,368.094,1.05947008
93,368.094,1.068862976
94,368.094,1.081597184
95,368.094,1.090905088
96,368.094,1.100413184
97,368.094,1.110370048
98,368.094,1.119936
99,368.094,1.133233152
100,368.094,1.142691072
101,368.094,1.152022016
102,368.094,1.161053952
103,368.094,1.170493952
104,368.094,1.179793152
105,368.094,1.189264128
106,368.094,1.198776064
107,368.094,1.211364096
108,368.094,1.221735936
109,368.094,1.231026944
110,368.094,1.240401152
111,368.094,1.249899008
112,368.094,1.259229184
113,368.094,1.268669952
114,368.094,1.27842816
115,368.094,1.287712
116,368.094,1.297060096
117,368.094,1.306247168
118,368.094,1.316067072
119,368.094,1.326265088
120,375.774,1.335761152
121,368.094,1.345366016
122,368.094,1.354646016
123,368.094,1.364401152
124,368.094,1.37389696
125,368.094,1.383312128
126,368.094,1.392527104
127,368.094,1.402322176
128,368.094,1.411609088
129,368.094,1.42096
130,368.094,1.430962176
131,368.094,1.440285184
132,368.094,1.450354944
133,368.094,1.459931136
134,368.094,1.469257984
135,368.094,1.479478016
136,368.094,1.489265152
137,389.552,1.498736128
138,368.094,1.508061184
139,368.094,1.52117504
140,368.094,1.530899968
141,368.094,1.540176128
142,368.094,1.549539072
143,368.094,1.558836992
144,368.094,1.568080128
145,368.094,1.578138112
146,368.094,1.587514112
147,368.094,1.59669504
148,368.094,1.605939968
149,368.094,1.615335936
150,368.094,1.624413184
151,368.094,1.633828096
152,368.094,1.642921984
153,368.094,1.652811008
154,368.094,1.662193152
155,368.094,1.672355072
156,368.094,1.681819136
157,368.094,1.691272192
158,368.094,1.703326976
159,368.094,1.714028032
160,368.094,1.723806976
161,368.094,1.733420032
162,390.470,1.746269184
163,368.094,1.756209152
164,368.094,1.76564096
165,368.094,1.774860032
166,368.094,1.784290048
167,368.094,1.793410048
168,368.094,1.80290304
169,368.094,1.812276992
170,368.094,1.821606144
171,368.094,1.831143168
172,368.094,1.840370944
173,368.094,1.849734144
174,368.094,1.85906816
175,368.094,1.869090048
176,368.094,1.878991104
177,370.218,1.890331136
178,368.094,1.900477184
179,365.366,1.909739008
180,365.366,1.919252992
181,365.366,1.928513024
182,365.366,1.940157184
183,365.366,1.950195968
184,365.366,1.959824128
185,365.366,1.96928512
186,365.366,1.978529024
187,365.366,1.987897088
188,365.366,1.997246976
189,365.366,2.007023104
190,365.366,2.016457984
191,365.366,2.025566976
192,365.366,2.035867136
193,365.366,2.04535296
194,338.045,2.05510912
195,338.045,2.064752128
196,338.045,2.074145024
197,338.045,2.084071936
198,338.045,2.093572096
199,338.045,2.10395008
200,338.045,2.113250048
201,338.045,2.122617088
202,338.045,2.132018944
203,338.045,2.141762048
204,325.590,2.151248128
205,325.590,2.160420096
206,325.590,2.170778112
207,325.590,2.180315136
208,325.590,2.189932032
209,325.590,2.201254144
210,325.590,2.210512128
211,325.590,2.219970048
212,325.590,2.229085184
213,325.590,2.238419968
214,325.590,2.247747072
215,325.590,2.256902144
216,325.590,2.266566144
217,325.590,2.276145152
218,325.590,2.28559616
219,325.590,2.294979072
220,325.590,2.304258048
221,325.590,2.313568
222,325.590,2.32315904
223,325.590,2.332720128
224,325.590,2.342132992
225,325.590,2.353479168
226,350.750,2.363741952
227,325.590,2.373053184
228,325.590,2.38264704
229,325.590,2.391826944
230,325.590,2.401918976
231,373.804,2.411204096
232,325.590,2.420445952
233,325.590,2.429873152
234,325.590,2.440893952
235,325.590,2.450648064
236,325.590,2.463070976
237,325.590,2.473714176
238,325.590,2.483375104
239,325.590,2.49274496
240,325.590,2.503154944
241,325.590,2.513032192
242,325.590,2.52299008
243,325.590,2.533812992
244,325.590,2.543428096
245,325.590,2.552788992
246,325.590,2.563569152
247,325.590,2.573242112
248,486.998,2.582397184
249,325.590,2.591713024
250,325.590,2.600999936
251,325.590,2.610188032
252,325.590,2.620466944
253,325.590,2.629979136
254,325.590,2.639322112
255,325.590,2.650354944
256,325.590,2.661389056
257,325.590,2.67060608
258,325.590,2.679990016
259,325.590,2.689603072
260,325.590,2.699687936
261,325.590,2.70904704
262,325.590,2.718370048
263,325.590,2.72747904
264,325.590,2.737032192
265,325.590,2.746496
266,325.590,2.755922944
267,325.590,2.76615808
268,325.590,2.775449088
269,325.590,2.784813056
270,325.590,2.793976064
271,319.689,2.803282944
272,319.689,2.81261696
273,319.689,2.821807104
274,319.689,2.83115904
275,319.689,2.84051712
276,319.689,2.850297088
277,319.689,2.859972096
278,331.373,2.869556992
279,319.689,2.879901184
280,319.689,2.88933504
281,270.779,2.898799104
282,270.779,2.907926016
283,262.259,2.917430016
284,262.259,2.930333952
285,262.259,2.940399104
286,277.843,2.949775104
287,262.259,2.959037184
288,262.259,2.969352192
289,262.259,2.978520064
290,262.259,2.98938112
291,262.259,2.998896128
292,262.259,3.008103936
293,262.259,3.017443072
294,262.259,3.026852096
295,262.259,3.03615104
296,262.259,3.04550016
297,262.259,3.054781184
298,281.460,3.064340992
299,262.259,3.073885952
300,262.259,3.083265024
301,262.259,3.093579008
302,262.259,3.103328
303,262.259,3.112694016
304,262.259,3.122115072
305,262.259,3.13164416
306,262.259,3.140816128
307,262.259,3.150311936
308,262.259,3.159655168
309,262.259,3.169012992
310,262.259,3.178483968
311,262.259,3.187896064
312,262.259,3.198004992
313,262.259,3.207355136
314,262.259,3.216658176
315,262.259,3.225868032
316,262.259,3.236158976
317,262.259,3.24591616
318,262.259,3.255334144
319,262.259,3.265004032
320,262.259,3.274861056
321,262.259,3.284231168
322,262.259,3.293484032
323,262.259,3.30326912
324,262.259,3.312793088
325,262.259,3.322195968
326,262.259,3.331506944
327,262.259,3.340815104
328,262.259,3.350603008
329,262.259,3.35848704
330,262.259,3.36640512
331,262.259,3.374356992
332,262.259,3.38260096
333,262.259,3.391364096
334,262.259,3.399291136
335,262.259,3.407123968
336,222.820,3.415140096
337,222.820,3.422834944
338,222.820,3.430639104
339,222.820,3.438547968
340,222.820,3.446299136
341,222.820,3.453986048
342,222.820,3.46192
343,222.820,3.471067136
344,222.820,3.479512064
345,222.820,3.48991104
346,222.820,3.498855936
347,222.820,3.506561024
348,222.820,3.514540032
349,222.820,3.522321152
350,222.820,3.530187008
351,222.820,3.539336192
352,222.820,3.547375104
353,222.820,3.555247104
354,207.734,3.563521024
355,207.734,3.57129216
356,207.734,3.578945024
357,207.734,3.586610176
358,207.734,3.594269952
359,207.734,3.602147072
360,207.734,3.60973312
361,207.734,3.61767296
362,207.734,3.62545408
363,207.734,3.633991168
364,207.734,3.641859072
365,198.356,3.64976
366,198.356,3.657498112
367,198.356,3.665385984
368,198.356,3.672999168
369,198.356,3.680806144
370,198.356,3.688615936
371,198.356,3.696349952
372,198.356,3.704008192
373,198.356,3.71248896
374,198.356,3.720315136
375,198.356,3.728080128
376,198.356,3.735985152
377,198.356,3.743627008
378,198.356,3.751646976
379,198.356,3.761949184
380,224.736,3.77107712
381,198.356,3.778823168
382,198.356,3.787169024
383,198.356,3.797452032
384,198.356,3.806973952
385,198.356,3.814854144
386,185.622,3.822534144
387,185.622,3.830270976
388,243.819,3.83794304
389,185.622,3.845676032
390,185.622,3.85343104
391,185.622,3.862114048
392,185.622,3.869913088
393,193.244,3.877479168
394,185.622,3.886068992
395,185.622,3.893768192
396,185.622,3.90175104
397,185.622,3.909636096
398,185.622,3.917501184
399,185.622,3.925376
400,185.622,3.933904128
401,185.622,3.941625088
402,185.622,3.949586944
403,185.622,3.957229056
404,180.510,3.965044992
405,180.510,3.972902144
406,180.510,3.98063616
407,180.510,3.98831104
408,180.510,3.996076032
409,180.510,4.004332032
410,180.510,4.012221952
411,180.510,4.020765952
412,180.510,4.028486144
413,180.510,4.036452096
414,180.510,4.044077056
415,180.510,4.051943936
416,180.510,4.059859968
417,180.510,4.067666944
418,180.510,4.075974144
419,180.510,4.083920128
420,180.510,4.091592192
421,180.510,4.099515136
422,180.510,4.107490048
423,180.510,4.11519104
424,180.510,4.123015168
425,180.510,4.13071616
426,180.510,4.138859008
427,180.510,4.146788096
428,184.773,4.154668032
429,180.510,4.162426112
430,180.510,4.171272192
431,180.510,4.179010048
432,180.510,4.188141056
433,180.510,4.19703808
434,180.510,4.20555904
435,180.510,4.213565184
436,180.510,4.221405184
437,180.510,4.229373952
438,180.510,4.237057024
439,180.510,4.244721152
440,180.510,4.252560128
441,180.510,4.260129024
442,180.510,4.269316096
443,180.510,4.27695616
444,191.092,4.284751104
445,180.510,4.292509184
446,180.510,4.302872064
447,246.026,4.311975936
448,180.510,4.319988992
449,180.510,4.327773184
450,180.510,4.33608704
451,180.510,4.34411008
452,180.510,4.35275904
453,180.510,4.360537088
454,180.510,4.368481024
455,253.532,4.376075008
456,180.510,4.383897088
457,180.510,4.391602944
458,180.510,4.399867136
459,180.510,4.407681024
460,180.510,4.41592704
461,180.510,4.424080128
462,180.510,4.432107008
463,180.510,4.439769088
464,180.510,4.447613952
465,180.510,4.455521024
466,180.510,4.463857152
467,180.510,4.471721984
468,180.510,4.479542016
469,180.510,4.487149056
470,180.510,4.494834176
471,180.510,4.502639104
472,180.510,4.51020416
473,180.510,4.518731008
474,180.510,4.526413056
475,180.510,4.534202112
476,180.510,4.541969152
477,180.510,4.550311168
478,180.510,4.558358016
479,180.510,4.566209024
480,180.510,4.574412032
481,180.510,4.582448128
482,180.510,4.59086208
483,180.510,4.599069184
484,218.366,4.606834176
485,180.510,4.614656
486,180.510,4.622607104
487,180.510,4.630439168
488,180.510,4.638552064
489,180.510,4.646331136
490,180.510,4.65412096
491,180.510,4.661723136
492,180.510,4.669721088
493,180.510,4.677467136
494,180.510,4.686121984
495,180.510,4.694313984
496,180.510,4.702114048
497,180.510,4.709881088
498,180.510,4.717681152
499,180.510,4.725475072
500,180.510,4.733330944
501,180.510,4.74090496
502,180.510,4.749218048
503,180.510,4.756994048
504,180.510,4.764707072
505,180.510,4.772369152
506,207.587,4.78026112
507,180.510,4.788123136
508,180.510,4.795879168
509,180.510,4.805135104
510,180.510,4.813697024
511,180.510,4.822196992
512,180.510,4.829947136
513,180.510,4.837795072
514,180.510,4.84550912
515,180.510,4.85392
516,180.510,4.862283008
517,180.510,4.869903104
518,180.510,4.877574144
519,180.510,4.886445056
520,180.510,4.895290112
521,180.510,4.903892992
522,180.510,4.912059136
523,180.510,4.919919104
524,180.510,4.927857152
525,195.330,4.936809984
526,180.510,4.944498944
527,180.510,4.952402176
528,180.510,4.960720128
529,180.510,4.968562944
530,186.068,4.97626112
531,180.510,4.984054016
532,180.510,4.991695104
533,180.510,5.000561152
534,180.510,5.008189184
535,180.510,5.016542976
536,180.510,5.024258048
537,180.510,5.032009984
538,180.510,5.040076032
539,180.510,5.049255168
540,185.274,5.057298176
541,180.510,5.066587136
542,180.510,5.07490816
543,180.510,5.082907136
544,180.510,5.090662144
545,180.510,5.098729984
546,180.510,5.106522112
547,180.510,5.115027968
548,180.510,5.122802944
549,180.510,5.130598144
550,180.510,5.138418176
551,180.510,5.146153984
552,180.510,5.153864192
553,180.510,5.164017152
554,180.510,5.172295168
555,180.510,5.180096
556,180.510,5.18791808
557,180.510,5.19606016
558,180.510,5.205241088
559,180.510,5.213785088
560,180.510,5.221654016
561,180.510,5.229501184
562,180.510,5.237522176
563,149.435,5.24586112
564,149.435,5.254091008
565,149.435,5.262605056
566,149.435,5.270424064
567,149.435,5.278152192
568,149.435,5.285976064
569,149.435,5.293576192
570,149.435,5.301479936
571,149.435,5.312354048
572,149.435,5.321515008
573,149.435,5.329196032
574,149.435,5.340656128
575,149.435,5.349082112
576,149.435,5.356845056
577,149.435,5.365704192
578,149.435,5.373378048
579,149.435,5.382014976
580,149.435,5.391142144
581,149.435,5.399419136
582,149.435,5.407160064
583,149.435,5.415407104
584,149.435,5.423207168
585,149.435,5.431510016
586,133.386,5.439625984
587,133.386,5.44767104
588,133.386,5.45538816
589,133.386,5.463891968
590,133.386,5.471821056
591,133.386,5.479655936
592,133.386,5.487616
593,133.386,5.495474176
594,133.386,5.503201024
595,133.386,5.51152512
596,133.386,5.519389184
597,133.386,5.527074048
598,133.386,5.535079168
599,133.386,5.543090944
600,133.386,5.551597056
601,133.386,5.559243008
602,133.386,5.567120128
603,133.386,5.575085056
604,133.386,5.58303104
605,133.386,5.590898944
606,133.386,5.599271936
607,133.386,5.606936064
608,133.386,5.614813184
609,133.386,5.622520064
610,133.386,5.630193152
611,133.386,5.640386048
612,133.386,5.649886976
613,133.386,5.65887616
614,133.386,5.666919168
615,133.386,5.674731008
616,133.386,5.682610176
617,133.386,5.69108608
618,133.386,5.699026176
619,149.322,5.707052032
620,133.386,5.715017984
621,133.386,5.722660096
622,133.386,5.731034112
623,133.386,5.73893504
624,133.386,5.746905088
625,133.386,5.75474816
626,133.386,5.763883008
627,133.386,5.773914112
628,133.386,5.783227136
629,133.386,5.791414016
630,133.386,5.799176192
631,133.386,5.80704512
632,133.386,5.815282176
633,133.386,5.823064064
634,133.386,5.831058176
635,133.386,5.838831104
636,133.386,5.846778112
637,133.386,5.854482944
638,133.386,5.863019008
639,133.386,5.871052032
640,133.386,5.88068096
641,133.386,5.888669184
642,133.386,5.896779008
643,133.386,5.905490176
644,133.386,5.913265152
645,160.806,5.920861952
646,133.386,5.928637952
647,206.763,5.936475136
648,133.386,5.94458496
649,133.386,5.952646144
650,133.386,5.960254976
651,147.729,5.969210112
652,133.386,5.976958976
653,133.386,5.98543104
654,133.386,5.993402112
655,133.386,6.001184
656,133.386,6.008939008
657,133.386,6.017323008
658,133.386,6.02503808
659,133.386,6.033135104
660,133.386,6.040822016
661,133.386,6.048641024
662,133.386,6.057039104
663,133.386,6.064914176
664,133.386,6.072563968
665,180.516,6.08060416
666,133.386,6.089067008
667,133.386,6.09764096
668,133.386,6.105342976
669,133.386,6.113005056
670,133.386,6.121295104
671,133.386,6.131926016
672,134.069,6.13980416
673,133.386,6.147751168
674,133.386,6.15572608
675,152.554,6.164299008
676,133.386,6.172894976
677,133.386,6.18131712
678,133.386,6.191015168
679,133.386,6.198970112
680,133.386,6.206778112
681,131.311,6.215171072
682,131.311,6.22295808
683,131.311,6.230813184
684,131.311,6.238764032
685,131.311,6.247225088
686,131.311,6.255209984
687,131.311,6.262882048
688,131.311,6.270802944
689,131.311,6.279291136
690,131.311,6.287308032
691,131.311,6.295185152
692,131.311,6.30579712
693,131.311,6.313850112
694,131.311,6.321939968
695,131.311,6.33028096
696,131.311,6.338237952
697,131.311,6.346321152
698,131.311,6.35516416
699,131.311,6.362851072
700,131.311,6.371282944
701,131.311,6.379874048
702,131.311,6.387898112
703,131.311,6.395689984
704,131.311,6.403601152
705,131.311,6.41197696
706,131.311,6.419776
707,131.311,6.427512064
708,131.311,6.435411968
709,131.311,6.44317696
710,131.311,6.451860992
711,131.311,6.459948032
712,131.311,6.467965952
713,131.311,6.475712
714,131.311,6.484084992
715,131.311,6.492680192
716,131.311,6.500656128
717,131.311,6.508536064
718,131.311,6.516509184
719,87.013,6.525292032
720,87.013,6.53396608
721,87.013,6.541576192
722,87.013,6.549401088
723,87.013,6.556995072
724,87.013,6.565099008
725,87.013,6.573722112
726,87.013,6.58158208
727,87.013,6.589223936
728,86.665,6.596925952
729,86.665,6.605196032
730,86.665,6.61306496
731,86.665,6.62093312
732,86.665,6.62902016
733,100.431,6.638243072
734,86.665,6.64657408
735,86.665,6.654612992
736,86.665,6.662467072
737,86.665,6.670087168
738,86.665,6.677822976
739,86.665,6.68624512
740,86.665,6.69406208
741,86.665,6.701954048
742,86.665,6.709548032
743,86.665,6.71790208
744,86.665,6.725592064
745,86.665,6.73368704
746,86.665,6.741602048
747,86.665,6.749872128
748,86.665,6.758535168
749,76.223,6.766329088
750,76.223,6.77407104
751,76.223,6.782089984
752,71.779,6.791915008
753,71.779,6.800093952
754,71.779,6.80784512
755,71.779,6.815707136
756,71.779,6.823458048
757,70.249,6.831748096
758,70.249,6.839510016
759,70.249,6.847731968
760,70.249,6.855872
761,78.445,6.864866048
762,70.249,6.872513024
763,70.249,6.88052608
764,70.249,6.888409088
765,70.249,6.896715008
766,70.249,6.904903168
767,70.249,6.91307904
768,68.153,6.92099712
769,68.153,6.929417984
770,68.153,6.938221056
771,68.153,6.946238976
772,68.153,6.954091008
773,68.153,6.96189696
774,68.153,6.969698048
775,107.705,6.977434112
776,68.153,6.985857024
777,68.153,6.993607168
778,68.153,7.001524992
779,68.153,7.009228032
780,68.153,7.017063936
781,68.153,7.025758976
782,68.153,7.033548032
783,68.153,7.04119296
784,68.153,7.049210112
785,35.468,7.056986112
786,35.468,7.064733952
787,35.468,7.073414144
788,35.468,7.081208064
789,35.468,7.088975104
790,35.468,7.096749056
791,35.468,7.104553984
792,35.468,7.112258048
793,35.468,7.120648192
794,35.468,7.128410112
795,35.468,7.136431104
796,35.468,7.144006144
797,35.468,7.151788032
798,35.468,7.159764992
799,35.468,7.168125952
800,35.468,7.176370944
801,35.468,7.184189184
802,35.468,7.192016128
803,35.468,7.201082112
804,35.468,7.208659968
805,35.468,7.217110016
806,35.468,7.224915968
807,35.468,7.233588992
808,47.057,7.241507072
809,35.468,7.249341184
810,35.468,7.257595136
811,36.837,7.265487104
812,35.468,7.273257984
813,35.468,7.281777152
814,35.468,7.291521024
815,35.468,7.299734016
816,63.298,7.307953152
817,33.598,7.315902976
818,33.598,7.323570944
819,33.598,7.331380992
820,33.598,7.339194112
821,33.598,7.34695296
822,33.598,7.355238144
823,33.598,7.363124992
824,33.598,7.370944
825,33.598,7.37874816
826,33.598,7.386662144
827,33.598,7.394802176
828,33.598,7.402726144
829,33.598,7.410375168
830,33.598,7.418162176
831,33.598,7.426555136
832,33.598,7.437444096
833,33.598,7.445922048
834,33.598,7.453635072
835,33.598,7.461415168
836,39.276,7.469260032
837,33.598,7.476868096
838,33.598,7.484844032
839,33.598,7.493068032
840,33.598,7.500986112
841,33.598,7.508748032
842,33.598,7.51642112
843,33.598,7.524098048
844,30.979,7.532450048
845,30.979,7.540120064
846,30.979,7.54806912
847,30.979,7.555678976
848,30.979,7.563389952
849,30.979,7.571791104
850,30.979,7.579549184
851,30.979,7.587203072
852,30.979,7.595300096
853,30.979,7.603052032
854,30.979,7.610617088
855,30.979,7.619407104
856,30.979,7.627047168
857,41.895,7.637092096
858,29.822,7.645715968
859,29.822,7.653516032
860,29.822,7.66164608
861,29.822,7.669577984
862,29.822,7.67722496
863,29.822,7.685494016
864,29.822,7.693337088
865,29.822,7.701630976
866,29.822,7.709211136
867,29.822,7.717129984
868,29.822,7.72475904
869,29.822,7.733123072
870,29.822,7.741437952
871,29.822,7.749200128
872,29.822,7.756980992
873,29.822,7.764701952
874,29.822,7.772440064
875,29.822,7.78084608
876,29.822,7.788487168
877,39.393,7.795980032
878,29.822,7.804070144
879,29.107,7.811561984
880,29.107,7.819755008
881,29.107,7.827591168
882,31.751,7.835588096
883,29.107,7.843130112
884,29.107,7.851188992
885,29.107,7.859539968
886,29.107,7.867668992
887,29.107,7.875218176
888,29.107,7.88285696
889,29.107,7.891762176
890,29.107,7.899713024
891,29.107,7.907308032
892,29.107,7.91505408
893,29.107,7.922718976
894,29.107,7.930976
895,29.107,7.938633984
896,60.906,7.94934912
897,29.107,7.957950976
898,29.107,7.965682176
899,29.107,7.97383808
900,29.107,7.981479936
901,29.107,7.98913408
902,29.107,7.996802048
903,29.107,8.005073152
904,29.107,8.013252096
905,29.107,8.021054976
906,29.107,8.028577024
907,29.107,8.037010944
908,29.107,8.044982016
909,29.107,8.053071104
910,29.107,8.060691968
911,29.107,8.06843008
912,47.969,8.076868096
913,29.107,8.084601088
914,29.107,8.092205056
915,29.107,8.100726016
916,29.107,8.108268032
917,29.107,8.11603712
918,29.107,8.124243968
919,29.107,8.132199168
920,29.107,8.140158976
921,29.107,8.148180992
922,29.107,8.15574016
923,29.107,8.163687168
924,29.107,8.174436096
925,29.107,8.182491136
926,29.107,8.190152192
927,29.107,8.198070016
928,29.107,8.205805056
929,29.107,8.213511168
930,29.107,8.221593088
931,28.512,8.22927104
932,28.512,8.237091072
933,28.512,8.244829952
934,28.512,8.252560128
935,28.512,8.260102144
936,28.512,8.268649984
937,28.512,8.27683712
938,28.512,8.284683008
939,28.512,8.292425984
940,21.682,8.300285952
941,21.682,8.308199168
942,21.682,8.315988992
943,21.682,8.324122112
944,21.682,8.332065024
945,21.682,8.339696128
946,21.682,8.347339008
947,21.682,8.355134976
948,21.682,8.36279296
949,21.682,8.37097216
950,21.682,8.379179008
951,21.682,8.387617024
952,21.682,8.395709184
953,21.682,8.403756032
954,21.682,8.414985984
955,21.682,8.42399616
956,21.682,8.43184512
957,21.682,8.439610112
958,21.682,8.447346944
959,21.682,8.455117056
960,21.682,8.46283008
961,21.682,8.471437056
962,21.682,8.480033024
963,22.793,8.48965504
964,21.682,8.498202112
965,21.682,8.506195968
966,21.682,8.514215936
967,21.682,8.523034112
968,21.682,8.531492096
969,21.682,8.539454976
970,21.682,8.547300096
971,21.682,8.554859008
972,21.682,8.562397184
973,21.682,8.571869184
974,21.682,8.579746048
975,21.682,8.58754816
976,21.682,8.595203072
977,21.682,8.604193024
978,21.682,8.61259904
979,21.682,8.620838144
980,21.682,8.62907904
981,21.682,8.637353984
982,21.682,8.645223936
983,21.682,8.653619968
984,21.682,8.661245184
985,21.682,8.669792
986,21.682,8.677408
987,21.682,8.685467136
988,21.682,8.693076992
989,21.682,8.700930048
990,21.682,8.709214976
991,21.682,8.71694208
992,21.594,8.724690176
993,21.594,8.732705024
994,21.594,8.740337152
995,21.233,8.748102144
996,21.233,8.756505088
997,21.233,8.76430208
998,21.233,8.772071936
999,21.233,8.779879168
1000,21.233,8.78759808
1001,21.233,8.79523712
1002,21.233,8.803682048
1003,21.233,8.81131008
1004,21.233,8.819217152
1005,21.233,8.826819072
1006,21.233,8.83471104
1007,21.233,8.843081984
1008,21.233,8.850948096
1009,21.233,8.858674944
1010,21.233,8.86734208
1011,21.233,8.874976
1012,21.233,8.882814976
1013,21.233,8.891047168
1014,21.233,8.899014144
1015,21.233,8.906850048
1016,21.233,8.914557952
1017,21.233,8.922215936
1018,21.233,8.930561024
1019,21.233,8.93838208
1020,21.233,8.946120192
1021,21.233,8.954994944
1022,21.233,8.96277504
1023,21.233,8.971232
1024,21.233,8.979000064
1025,23.185,8.986654976
1026,21.233,8.994343168
1027,21.233,9.002066176
1028,21.233,9.010322944
1029,21.233,9.01825408
1030,21.233,9.02582016
1031,21.233,9.033657088
1032,21.233,9.04128896
1033,21.233,9.049595136
1034,21.233,9.057895168
1035,21.233,9.065753088
1036,21.233,9.073396992
1037,21.233,9.08131712
1038,21.233,9.08951296
1039,21.233,9.09725696
1040,21.233,9.105248
1041,21.233,9.112999936
1042,21.233,9.122156032
1043,21.233,9.130467072
1044,21.233,9.138331136
1045,21.233,9.146092032
1046,21.233,9.155788032
1047,21.233,9.164795136
1048,21.233,9.173100032
1049,21.233,9.180830976
1050,21.233,9.188786176
1051,21.233,9.19673216
1052,25.288,9.204583168
1053,21.233,9.212820992
1054,21.233,9.22077312
1055,21.233,9.228510976
1056,21.233,9.23636096
1057,21.233,9.244076032
1058,21.233,9.252281088
1059,14.609,9.260192
1060,14.609,9.268043008
1061,14.609,9.275670016
1062,14.609,9.283486976
1063,14.609,9.291650048
1064,10.382,9.299417088
1065,10.382,9.307218176
1066,10.382,9.31570816
1067,8.763,9.32450816
1068,9.583,9.332419072
1069,8.763,9.34002304
1070,8.763,9.347887104
1071,8.763,9.355443968
1072,8.763,9.363759104
1073,8.753,9.372080128
1074,8.753,9.379784192
1075,8.753,9.387665152
1076,9.658,9.396079104
1077,8.753,9.404647168
1078,8.753,9.412564992
1079,8.753,9.42094208
1080,8.753,9.43237504
1081,8.753,9.440937984
1082,8.744,9.449287168
1083,8.744,9.457063168
1084,8.744,9.464921088
1085,8.744,9.472643072
1086,8.744,9.480358144
1087,8.744,9.488538112
1088,8.744,9.496246016
1089,8.744,9.504147968
1090,8.744,9.511762176
1091,8.744,9.519643136
1092,8.744,9.527920128
1093,8.744,9.535684096
1094,8.744,9.543236096
1095,8.744,9.551145984
1096,8.744,9.558727168
1097,8.744,9.566447104
1098,8.744,9.574749952
1099,9.229,9.582545152
1100,8.744,9.59022208
1101,8.744,9.598412032
1102,19.374,9.606603008
1103,8.744,9.61515008
1104,8.744,9.62278912
1105,8.744,9.630637056
1106,8.744,9.638393088
1107,8.744,9.646067968
1108,8.744,9.654356992
1109,8.719,9.663364096
1110,8.719,9.671005184
1111,8.719,9.678691072
1112,6.938,9.686374144
1113,6.938,9.694370048
1114,6.938,9.702275072
1115,6.938,9.709844992
1116,6.938,9.718508032
1117,6.938,9.726308096
1118,6.938,9.734664192
1119,6.938,9.742498048
1120,6.938,9.75035008
1121,6.938,9.758164992
1122,6.938,9.766251008
1123,6.938,9.775115008
1124,6.938,9.783133184
1125,6.938,9.790814976
1126,6.938,9.798637056
1127,6.938,9.80724096
1128,6.938,9.815019008
1129,6.938,9.822712064
1130,6.938,9.830525952
1131,6.938,9.838444032
1132,6.938,9.84618112
1133,6.938,9.85454208
1134,6.938,9.862514944
1135,6.938,9.870417152
1136,6.938,9.877945088
1137,6.938,9.885728
1138,6.938,9.89352704
1139,6.938,9.901895168
1140,6.938,9.909747968
1141,6.938,9.917755136
1142,6.938,9.92550016
1143,6.938,9.934377984
1144,6.938,9.942567168
1145,6.938,9.950352128
1146,6.938,9.958075136
1147,6.938,9.965846016
1148,6.938,9.973507072
1149,6.938,9.981305088
1150,6.938,9.98940416
1151,6.938,9.997351936
1152,6.938,10.005074944
1153,6.938,10.012672
1154,6.938,10.022823936
1155,6.938,10.031963136
1156,6.938,10.039817984
1157,6.938,10.047540992
1158,6.938,10.055261184
1159,6.938,10.062976
1160,6.938,10.070877952
1161,6.938,10.079481088
1162,4.172,10.087981056
1163,4.236,10.095810048
1164,4.172,10.103696128
1165,4.172,10.111302144
1166,4.172,10.119828992
1167,4.172,10.12741504
1168,4.172,10.136332032
1169,4.172,10.144674048
1170,4.172,10.152455168
1171,4.172,10.160711168
1172,4.172,10.168442112
1173,4.172,10.176507136
1174,4.716,10.18678016
1175,4.172,10.195074048
1176,4.172,10.203058944
1177,4.172,10.211211008
1178,4.172,10.219117056
1179,4.172,10.226632192
1180,4.172,10.234406144
1181,4.172,10.242459136
1182,4.172,10.251293952
1183,4.172,10.259015168
1184,4.172,10.266810112
1185,4.172,10.277885952
1186,5.361,10.286281984
1187,4.172,10.294545152
1188,4.172,10.302459136
1189,4.172,10.310157056
1190,4.910,10.318091008
1191,4.172,10.32567808
1192,4.172,10.33410816
1193,4.172,10.341900032
1194,3.210,10.349740032
1195,3.210,10.357624064
1196,3.210,10.365572096
1197,2.922,10.374198016
1198,2.922,10.382322176
1199,2.922,10.390042112
1200,2.922,10.397933056
1201,2.922,10.405798144
1202,2.922,10.414265088
1203,2.922,10.422152192
1204,2.922,10.429799168
1205,2.922,10.437433088
1206,2.922,10.445744128
1207,2.922,10.453476096
1208,2.922,10.461044992
1209,2.922,10.46895616
1210,2.344,10.476498944
1211,2.344,10.484932096
1212,2.344,10.492630016
1213,2.344,10.500390144
1214,2.344,10.508099072
1215,2.344,10.515911168
1216,2.344,10.52416896
1217,2.344,10.532196096
1218,2.344,10.540091136
1219,2.344,10.547762176
1220,2.344,10.556089088
1221,2.344,10.56381696
1222,2.344,10.571623936
1223,2.344,10.579270144
1224,2.344,10.58692096
1225,2.344,10.594451968
1226,2.344,10.602833152
1227,2.344,10.61039616
1228,2.344,10.618752
1229,2.344,10.626484992
1230,2.344,10.634628096
1231,2.344,10.643190016
1232,2.344,10.651378944
1233,2.344,10.659119104
1234,2.344,10.667261184
1235,2.344,10.676178176
1236,2.344,10.68443008
1237,2.344,10.692180992
1238,2.344,10.70016
1239,2.344,10.707738112
1240,2.344,10.715763968
1241,2.344,10.725295104
1242,2.344,10.733657088
1243,2.344,10.741565952
1244,2.344,10.749272064
1245,2.344,10.756859136
1246,2.344,10.764667136
1247,2.344,10.772802048
1248,2.344,10.784114176
1249,2.344,10.792201984
1250,2.344,10.800096
1251,2.344,10.807778048
1252,2.344,10.81628416
1253,2.428,10.826851072
1254,2.344,10.835930112
1255,2.344,10.843604992
1256,2.344,10.851974144
1257,2.344,10.860212992
1258,2.344,10.86831616
1259,2.344,10.876018176
1260,2.344,10.88374016
1261,2.344,10.891485184
1262,2.344,10.899809024
1263,2.344,10.907467008
1264,2.344,10.915283968
1265,2.344,10.923088128
1266,2.344,10.930841088
1267,2.344,10.939456
1268,2.344,10.948681984
1269,2.344,10.958259968
1270,2.147,10.966141184
1271,2.147,10.973897984
1272,2.147,10.98219008
1273,2.147,10.990112
1274,2.147,10.997918976
1275,2.147,11.005681152
1276,2.147,11.01347712
1277,2.147,11.021784064
1278,2.147,11.029554176
1279,2.147,11.037648128
1280,2.147,11.045364992
1281,2.147,11.05378304
1282,1.674,11.06151808
1283,1.674,11.069462016
1284,1.674,11.077543936
1285,1.674,11.08758912
1286,1.674,11.096115968
1287,1.674,11.103939072
1288,1.674,11.11163008
1289,1.674,11.119510016
1290,1.674,11.127693056
1291,1.674,11.135678976
1292,1.674,11.143443968
1293,1.674,11.152295936
1294,1.674,11.160068096
1295,1.674,11.170441984
1296,1.674,11.178919168
1297,1.674,11.186823168
1298,1.674,11.194849024
1299,1.674,11.203323136
1300,1.674,11.21133696
1301,1.674,11.219250176
1302,1.674,11.22692608
1303,1.674,11.234945024
1304,1.674,11.243052032
1305,1.674,11.250915072
1306,1.674,11.258671104
1307,1.674,11.266403072
1308,1.674,11.27473408
1309,1.674,11.282756096
1310,1.674,11.290409984
1311,1.674,11.29825408
1312,1.674,11.306535936
1313,1.674,11.314361088
1314,1.674,11.322219008
1315,1.674,11.329946112
1316,1.674,11.337808128
1317,1.674,11.346362112
1318,1.674,11.354534144
1319,1.674,11.36234112
1320,1.674,11.370292992
1321,1.674,11.379091968
1322,1.674,11.386979072
1323,1.674,11.394584064
1324,1.674,11.402980096
1325,1.674,11.41058304
1326,1.674,11.418377984
1327,2.160,11.426708992
1328,1.674,11.434523136
1329,1.674,11.442206976
1330,1.674,11.450539008
1331,1.674,11.458163968
1332,1.674,11.46599808
1333,1.674,11.474081024
1334,1.674,11.481859072
1335,1.674,11.489665024
1336,1.674,11.497868032
1337,1.674,11.507329024
1338,1.674,11.51543808
1339,1.674,11.52305408
1340,1.674,11.530816
1341,1.674,11.538557952
1342,1.674,11.54694016
1343,1.674,11.554753024
1344,1.674,11.56231296
1345,1.674,11.570203136
1346,1.674,11.577882112
1347,1.674,11.586723072
1348,1.674,11.595379968
1349,1.674,11.60320896
1350,1.674,11.610855168
1351,1.674,11.61872512
1352,1.674,11.626316032
1353,1.674,11.634322176
1354,1.674,11.642563072
1355,1.674,11.650383104
1356,1.674,11.658163968
1357,1.674,11.665946112
1358,1.674,11.67367296
1359,1.674,11.681597184
1360,1.674,11.689844992
1361,1.674,11.697650176
1362,1.674,11.706066176
1363,1.674,11.71383808
1364,1.674,11.72174208
1365,1.100,11.72964096
1366,1.100,11.737996032
1367,0.772,11.745752064
1368,0.772,11.753555968
1369,0.772,11.761085184
1370,0.772,11.769549056
1371,0.772,11.77798016
1372,0.772,11.786630144
1373,0.772,11.794317056
1374,0.772,11.802223104
1375,0.772,11.80992
1376,0.772,11.818320128
1377,0.772,11.82693504
1378,0.772,11.834912
1379,0.772,11.842509056
1380,0.772,11.852923136
1381,0.772,11.86120704
1382,0.772,11.869793024
1383,0.772,11.87769216
1384,0.772,11.885673984
1385,0.772,11.896484096
1386,0.772,11.905181952
1387,0.772,11.912931072
1388,0.772,11.921629184
1389,0.772,11.92939904
1390,0.772,11.938255104
1391,0.772,11.946244096
1392,0.772,11.954160128
1393,0.772,11.962459136
1394,0.772,11.970386176
1395,0.772,11.978411008
1396,0.772,11.986417152
1397,0.772,11.994266112
1398,0.772,12.003019008
1399,0.772,12.011213056
1400,0.772,12.019144192
1401,0.772,12.02695296
1402,0.772,12.03673216
1403,0.788,12.045725184
1404,0.772,12.056352
1405,0.772,12.064766976
1406,0.772,12.072561152
1407,0.772,12.080189952
1408,0.772,12.088847104
1409,0.772,12.097199104
1410,0.772,12.105168128
1411,0.772,12.112957952
1412,0.772,12.120633088
1413,1.259,12.128498944
1414,0.772,12.13684096
1415,0.772,12.14472704
1416,0.772,12.152656128
1417,0.772,12.16030208
1418,0.772,12.168150016
1419,0.772,12.17631104
1420,0.772,12.184242944
1421,0.772,12.192281088
1422,1.135,12.200685056
1423,0.772,12.208701184
1424,0.772,12.217018112
1425,0.772,12.22487808
1426,0.772,12.232873984
1427,0.772,12.240525056
1428,0.772,12.248248064
1429,0.772,12.256541184
1430,0.772,12.26432896
1431,0.772,12.271939072
1432,0.772,12.279753984
1433,0.772,12.288145152
1434,0.772,12.296443136
1435,0.772,12.304322048
1436,0.794,12.31193216
1437,0.772,12.320548096
1438,0.772,12.330503168
1439,0.772,12.339611136
1440,0.772,12.347524096
1441,0.772,12.35540608
1442,0.772,12.36314496
1443,0.772,12.371398144
1444,0.772,12.37919104
1445,0.772,12.387043072
1446,0.772,12.394822144
1447,0.772,12.402710016
1448,0.772,12.414082048
1449,0.772,12.422544128
1450,0.772,12.43140608
1451,0.772,12.440557056
1452,0.772,12.448237056
1453,0.772,12.45658112
1454,0.772,12.464559104
1455,0.772,12.472495104
1456,0.772,12.480289024
1457,0.772,12.488676096
1458,0.772,12.496561152
1459,0.772,12.504461056
1460,0.772,12.51234816
1461,0.772,12.52015104
1462,0.772,12.528303104
1463,0.772,12.53626112
1464,0.772,12.544082944
1465,0.772,12.552029952
1466,0.772,12.560169984
1467,0.772,12.56914816
1468,0.772,12.577187072
1469,0.867,12.58500608
1470,0.772,12.593310976
1471,0.772,12.60111104
1472,0.772,12.608765184
1473,0.772,12.616722944
1474,0.772,12.624913152
1475,0.772,12.63295104
1476,0.772,12.640666112
1477,0.772,12.648365056
1478,0.772,12.656066048
1479,0.772,12.66438016
1480,0.772,12.672001024
1481,0.772,12.67972608
1482,0.772,12.68747008
1483,0.874,12.69597696
1484,1.941,12.703995136
1485,0.772,12.711599104
1486,0.772,12.719347968
1487,0.772,12.727021056
1488,0.857,12.73538304
1489,0.841,12.743194112
1490,0.772,12.752510976
1491,0.772,12.761627136
1492,0.505,12.76951296
1493,0.505,12.777090048
1494,0.505,12.785549056
1495,0.505,12.793146112
1496,0.505,12.801059072
1497,0.505,12.808722176
1498,0.505,12.816435968
1499,0.505,12.824132096
1500,0.505,12.83188608
1501,0.505,12.840080128
1502,0.505,12.84796416
1503,0.505,12.855667968
1504,0.526,12.863469056
1505,0.505,12.873131008
1506,0.505,12.880994048
1507,0.505,12.889309952
1508,0.505,12.897091072
1509,0.505,12.904753152
1510,0.505,12.912600064
1511,0.505,12.92039296
1512,0.505,12.927969024
1513,0.505,12.937021952
1514,0.505,12.944722944
1515,0.505,12.953260032
1516,0.505,12.96093696
1517,0.505,12.968920064
1518,0.505,12.976660992
1519,0.505,12.984896
1520,0.505,12.992625152
1521,0.505,13.000851968
1522,0.505,13.00925312
1523,0.396,13.017306112

Error results for SA
---------------------------
0,323.471,0.008113152
1,323.471,0.016434176
2,323.471,0.024737024
3,323.471,0.033042176
4,323.471,0.044268032
5,323.471,0.054006016
6,323.471,0.063136
7,323.471,0.073300992
8,323.471,0.081858048
9,323.471,0.090384128
10,387.154,0.098774016
11,392.438,0.106595072
12,392.438,0.114540032
13,392.438,0.12315904
14,392.438,0.130836224
15,392.438,0.138782976
16,350.900,0.147074048
17,350.900,0.155984128
18,350.900,0.164614144
19,350.900,0.17254912
20,350.900,0.180294144
21,350.900,0.187975168
22,350.900,0.196689152
23,350.900,0.205958144
24,350.900,0.213799168
25,350.900,0.221696
26,350.900,0.229470208
27,350.900,0.237869056
28,350.900,0.24554112
29,350.900,0.253516032
30,350.900,0.261240064
31,350.900,0.269069056
32,350.900,0.27691008
33,350.900,0.285232128
34,350.900,0.29286912
35,350.900,0.300582144
36,350.900,0.310874112
37,242.262,0.31884416
38,242.262,0.32709504
39,242.262,0.33506304
40,242.262,0.342855168
41,242.262,0.350605056
42,242.262,0.358330112
43,242.262,0.366449152
44,242.262,0.374207232
45,242.262,0.381921024
46,242.262,0.38975616
47,242.262,0.397446144
48,242.262,0.405449216
49,242.262,0.413731072
50,242.262,0.421641216
51,242.262,0.429355008
52,242.262,0.437117184
53,242.262,0.444772096
54,248.234,0.453092096
55,248.234,0.460670208
56,248.234,0.472135168
57,248.234,0.480425984
58,248.234,0.488177152
59,248.234,0.496303104
60,248.234,0.504292096
61,248.234,0.51190912
62,279.244,0.51970304
63,282.297,0.527527168
64,282.297,0.535864064
65,282.297,0.543687168
66,282.297,0.553922048
67,282.297,0.562878208
68,282.297,0.570745088
69,283.596,0.57914112
70,283.596,0.587019008
71,283.596,0.594921984
72,283.596,0.60284416
73,283.596,0.610520064
74,283.596,0.618910976
75,283.596,0.62669312
76,312.144,0.634322176
77,312.144,0.642091008
78,312.144,0.649869056
79,312.144,0.658017024
80,312.144,0.66617216
81,312.144,0.673955072
82,312.144,0.68160512
83,312.144,0.690462208
84,312.144,0.698752
85,312.144,0.707648
86,312.144,0.715391232
87,312.144,0.723316224
88,312.144,0.731649024
89,312.144,0.739620096
90,312.144,0.74752512
91,312.144,0.756031232
92,312.144,0.76541312
93,312.144,0.773755136
94,303.122,0.781649152
95,303.122,0.789560064
96,303.122,0.79716608
97,303.122,0.80500608
98,303.122,0.813255168
99,303.122,0.822063104
100,303.122,0.830011136
101,303.122,0.83914112
102,303.122,0.847892992
103,303.122,0.856579072
104,303.122,0.864628992
105,303.122,0.873089024
106,303.122,0.881881088
107,303.122,0.889914112
108,303.122,0.897771008
109,303.122,0.905721088
110,303.122,0.91362816
111,303.122,0.923867136
112,303.122,0.931837184
113,303.122,0.942266112
114,303.122,0.950484992
115,303.122,0.958724096
116,303.122,0.966568192
117,303.122,0.974625024
118,303.122,0.98285312
119,303.122,0.991171072
120,326.557,0.998889984
121,326.557,1.006706176
122,326.557,1.014473984
123,212.204,1.022358016
124,212.204,1.030029056
125,212.204,1.039121152
126,220.985,1.046866176
127,220.985,1.055712
128,220.985,1.063441152
129,220.985,1.071235072
130,220.985,1.079623168
131,220.985,1.08738304
132,220.985,1.095188992
133,220.985,1.103075072
134,220.985,1.110921984
135,220.985,1.119417088
136,220.985,1.126977024
137,220.985,1.134580992
138,220.985,1.142463232
139,220.985,1.150077184
140,220.985,1.158217216
141,220.985,1.166379008
142,220.985,1.174249984
143,220.985,1.181987072
144,220.985,1.189792
145,220.985,1.19812608
146,220.985,1.206976
147,220.985,1.2145792
148,220.985,1.222874112
149,220.985,1.231299072
150,220.985,1.239380992
151,220.985,1.249025024
152,220.985,1.259115008
153,220.985,1.266801152
154,220.985,1.275588096
155,220.985,1.283441152
156,220.985,1.291166208
157,220.985,1.29883904
158,220.985,1.307094016
159,220.985,1.315230208
160,220.985,1.324225024
161,220.985,1.332084224
162,220.985,1.340111104
163,220.985,1.3478272
164,207.320,1.356201216
165,207.320,1.364189184
166,207.320,1.371954176
167,207.320,1.379853056
168,207.320,1.388390144
169,207.320,1.396566016
170,207.320,1.404707072
171,207.320,1.412550144
172,207.320,1.420488192
173,207.320,1.429101056
174,207.320,1.437396992
175,207.320,1.445252096
176,207.320,1.453083136
177,210.085,1.461371136
178,210.085,1.469076224
179,210.085,1.476715008
180,210.085,1.484573184
181,210.085,1.492719104
182,210.085,1.500251136
183,210.085,1.508297216
184,210.085,1.515843072
185,210.085,1.523593216
186,210.085,1.531855104
187,210.085,1.539674112
188,226.501,1.54739712
189,226.501,1.557446144
190,226.501,1.567464192
191,226.501,1.577441024
192,226.501,1.586330112
193,362.300,1.595839232
194,362.300,1.604409088
195,362.300,1.613680128
196,362.300,1.622440192
197,362.300,1.63078912
198,362.300,1.638714112
199,362.300,1.646854144
200,362.300,1.655129088
201,362.300,1.663777024
202,362.300,1.671816192
203,362.300,1.680487168
204,362.300,1.6886272
205,362.300,1.696322048
206,362.300,1.705246208
207,362.300,1.713471232
208,362.300,1.72151808
209,362.300,1.729490176
210,362.300,1.7376192
211,362.300,1.746102016
212,362.300,1.753982208
213,362.300,1.761825024
214,362.300,1.770166016
215,362.300,1.779316992
216,362.300,1.7881152
217,362.300,1.795971072
218,362.300,1.803943168
219,362.300,1.812089088
220,362.300,1.820489984
221,362.300,1.830045184
222,362.300,1.840390144
223,362.300,1.848726016
224,362.300,1.857108224
225,362.300,1.864992
226,362.300,1.873101056
227,362.300,1.880786176
228,362.300,1.889305088
229,381.041,1.897917184
230,342.842,1.905913088
231,342.842,1.91374208
232,359.660,1.921533184
233,359.660,1.930226176
234,359.660,1.938206208
235,370.340,1.946264064
236,370.340,1.954130176
237,370.340,1.962221056
238,370.340,1.970095104
239,370.340,1.977842176
240,370.340,1.985538048
241,370.340,1.995896064
242,370.340,2.004999168
243,370.340,2.012977152
244,370.340,2.021257216
245,318.271,2.029307136
246,318.271,2.037210112
247,318.271,2.045562112
248,318.271,2.053497088
249,318.271,2.061278208
250,380.658,2.06911104
251,380.658,2.077017088
252,380.658,2.085287168
253,380.658,2.093078016
254,380.658,2.100945152
255,380.658,2.108931072
256,380.658,2.116706048
257,380.658,2.125728
258,380.658,2.133370112
259,380.658,2.141474048
260,380.658,2.149528064
261,380.658,2.157695232
262,380.658,2.168272128
263,380.658,2.177355008
264,380.658,2.185193216
265,380.658,2.193177088
266,380.658,2.201081088
267,380.658,2.20950016
268,380.658,2.217400064
269,380.658,2.22521216
270,380.658,2.232911104
271,380.658,2.242422016
272,341.949,2.251981056
273,341.949,2.259706112
274,341.949,2.267352064
275,341.949,2.275276032
276,341.949,2.282953216
277,341.949,2.291404032
278,341.949,2.299106048
279,341.949,2.307704064
280,341.949,2.316456192
281,461.352,2.324812032
282,461.352,2.332711168
283,461.352,2.340539136
284,461.352,2.348140032
285,461.352,2.356052992
286,461.352,2.364079104
287,461.352,2.371881984
288,461.352,2.379629056
289,461.352,2.38733312
290,461.352,2.395574016
291,461.352,2.403432192
292,461.352,2.410989056
293,461.352,2.418700032
294,461.352,2.42660608
295,461.352,2.434927104
296,461.352,2.442751232
297,461.352,2.450253056
298,461.352,2.45802112
299,461.352,2.466390016
300,461.352,2.474179072
301,461.352,2.48200704
302,461.352,2.489881088
303,461.352,2.501137152
304,481.353,2.51008512
305,481.353,2.517881088
306,481.353,2.525667072
307,481.353,2.533321216
308,481.353,2.541370112
309,481.353,2.549579008
310,481.353,2.557534208
311,481.353,2.565472
312,481.353,2.573332992
313,481.353,2.581076224
314,481.353,2.589042176
315,481.353,2.597191168
316,481.353,2.60590208
317,419.283,2.615954176
318,419.283,2.623785984
319,419.283,2.631316224
320,419.283,2.639098112
321,419.283,2.647289088
322,419.283,2.654970112
323,419.283,2.66266112
324,419.283,2.670513152
325,419.283,2.67812608
326,419.283,2.685850112
327,419.283,2.693833216
328,419.283,2.701464064
329,419.283,2.70945408
330,419.283,2.717332992
331,419.283,2.724903168
332,392.115,2.732577024
333,392.115,2.740897024
334,392.115,2.7485632
335,392.115,2.758226176
336,392.115,2.768152064
337,392.115,2.776120064
338,392.115,2.783866112
339,392.115,2.795366144
340,392.115,2.803409152
341,392.115,2.811244032
342,392.115,2.819035136
343,392.115,2.826872064
344,392.115,2.83478016
345,392.115,2.843633152
346,392.115,2.851497216
347,392.115,2.859280128
348,392.115,2.867108096
349,392.115,2.874896128
350,392.115,2.882431232
351,392.115,2.891939072
352,392.115,2.89956608
353,392.115,2.907555072
354,392.115,2.91519616
355,392.115,2.924280064
356,392.115,2.93197312
357,302.300,2.940295168
358,302.300,2.948282112
359,302.300,2.955998976
360,302.300,2.963590144
361,302.300,2.972688128
362,302.300,2.982568192
363,302.300,2.990604032
364,302.300,2.998430976
365,302.300,3.007336192
366,302.300,3.014953216
367,302.300,3.024839168
368,302.300,3.033762048
369,302.300,3.041671168
370,302.300,3.049597184
371,302.300,3.058607104
372,302.300,3.066249984
373,302.300,3.07405312
374,302.300,3.082348032
375,302.300,3.090132992
376,302.300,3.097831168
377,302.300,3.105740032
378,393.169,3.113369088
379,393.169,3.121929216
380,393.169,3.129562112
381,393.169,3.138253056
382,393.169,3.146077184
383,393.169,3.153803008
384,387.593,3.162024192
385,387.593,3.170011136
386,387.593,3.177673216
387,387.593,3.189346048
388,379.705,3.197415168
389,379.705,3.205259008
390,379.705,3.213275136
391,379.705,3.22118912
392,365.149,3.228839168
393,365.149,3.237626112
394,365.149,3.245405184
395,365.149,3.253656064
396,365.149,3.261585152
397,365.149,3.269447168
398,365.149,3.277140224
399,365.149,3.284862208
400,365.149,3.293118208
401,365.149,3.302603008
402,365.149,3.310601984
403,365.149,3.318448128
404,365.149,3.326251008
405,365.149,3.334582016
406,365.149,3.34252416
407,365.149,3.35025408
408,365.149,3.357981184
409,365.149,3.365711104
410,365.149,3.374020096
411,365.149,3.383153152
412,365.149,3.391053056
413,365.149,3.398656
414,365.149,3.406648064
415,365.149,3.414778112
416,365.149,3.422571008
417,365.149,3.430416128
418,365.149,3.438194176
419,365.149,3.445938176
420,365.149,3.454281216
421,365.149,3.46340608
422,365.149,3.471666176
423,392.586,3.479273216
424,392.586,3.487151104
425,392.586,3.495220224
426,392.586,3.503158016
427,392.586,3.51115904
428,392.586,3.51897216
429,392.586,3.526740992
430,392.586,3.535280128
431,392.586,3.5430912
432,392.586,3.554577152
433,392.586,3.562791168
434,392.586,3.5706432
435,392.586,3.578736128
436,392.586,3.590676992
437,315.709,3.59883904
438,315.709,3.606686976
439,315.709,3.61511808
440,315.709,3.623179008
441,315.709,3.630864128
442,315.709,3.639706112
443,315.709,3.647390976
444,315.709,3.655838208
445,315.709,3.664286208
446,315.709,3.672528128
447,196.489,3.680164096
448,196.489,3.688315136
449,196.489,3.696254208
450,196.489,3.704122112
451,196.489,3.711817984
452,196.489,3.719682048
453,196.489,3.728126208
454,196.489,3.735815168
455,196.489,3.743773184
456,196.489,3.751652096
457,190.565,3.760013056
458,190.565,3.767896064
459,190.565,3.775565056
460,190.565,3.783235072
461,190.565,3.791540992
462,190.565,3.799160064
463,190.565,3.807081984
464,190.565,3.814637056
465,190.565,3.822891008
466,190.565,3.831284992
467,123.066,3.839569152
468,123.066,3.847672064
469,123.066,3.856254208
470,123.066,3.867579136
471,123.066,3.875977216
472,123.066,3.883887104
473,93.572,3.89433216
474,93.572,3.902799104
475,93.572,3.910592
476,93.572,3.918454016
477,93.572,3.926601984
478,93.572,3.934420992
479,93.572,3.943293184
480,93.572,3.951486208
481,93.572,3.959377152
482,96.506,3.968009984
483,96.506,3.975943168
484,87.368,3.983778048
485,87.368,3.992217088
486,87.368,4.000071168
487,87.368,4.00930304
488,70.091,4.0174912
489,70.091,4.026761216
490,70.091,4.035529984
491,70.091,4.044460032
492,70.091,4.05218304
493,70.091,4.059817984
494,70.091,4.067522048
495,70.091,4.07639808
496,70.091,4.0840832
497,70.091,4.093731072
498,70.091,4.102750208
499,70.091,4.110887168
500,70.091,4.118650112
501,70.091,4.126587136
502,70.091,4.135060224
503,70.091,4.145158144
504,70.091,4.153757184
505,70.091,4.161707008
506,70.091,4.169652224
507,70.091,4.177444096
508,70.091,4.185080064
509,70.091,4.193278208
510,70.091,4.201065984
511,70.091,4.20894208
512,75.250,4.216641024
513,75.250,4.224521216
514,75.250,4.232615168
515,75.735,4.240414208
516,75.735,4.24815616
517,75.735,4.25595904
518,75.735,4.264044032
519,75.735,4.272116992
520,75.735,4.27965312
521,75.735,4.287304192
522,75.735,4.294994176
523,75.735,4.30316416
524,75.735,4.310772224
525,75.735,4.318402048
526,75.735,4.326040064
527,75.735,4.334176
528,75.735,4.342016
529,75.735,4.349611008
530,75.735,4.358252032
531,75.735,4.365867008
532,75.735,4.373629184
533,75.735,4.38186112
534,75.735,4.389549056
535,75.735,4.3971072
536,75.735,4.404987136
537,75.735,4.412557056
538,75.735,4.420728064
539,75.735,4.428585216
540,75.735,4.436249088
541,75.735,4.443809024
542,75.735,4.451907072
543,75.735,4.459601152
544,75.735,4.467849216
545,75.735,4.475768064
546,75.735,4.483497984
547,75.735,4.49127808
548,75.735,4.498883072
549,75.735,4.50701312
550,75.735,4.518584064
551,75.735,4.526704128
552,75.735,4.534983168
553,75.735,4.543044096
554,75.735,4.551485184
555,75.735,4.55931904
556,75.735,4.567250176
557,75.735,4.575764224
558,75.735,4.583482112
559,75.735,4.591907072
560,75.735,4.599564032
561,75.735,4.607336192
562,75.735,4.614925056
563,75.735,4.62332416
564,75.735,4.631778048
565,75.735,4.639568128
566,75.735,4.647232
567,75.735,4.655176192
568,75.735,4.66278912
569,75.735,4.67117312
570,75.735,4.679074048
571,75.735,4.686824192
572,106.023,4.694644992
573,106.023,4.70255104
574,106.023,4.713313024
575,106.023,4.721224192
576,106.023,4.729031168
577,96.640,4.736872192
578,96.640,4.745067008
579,96.640,4.75292416
580,97.984,4.760649984
581,97.984,4.768418048
582,97.984,4.776273152
583,97.984,4.784792064
584,97.984,4.792580096
585,97.984,4.80033408
586,97.984,4.808130048
587,97.984,4.815816192
588,97.984,4.824616192
589,97.984,4.832294144
590,97.984,4.840441088
591,97.984,4.847981056
592,97.984,4.85632
593,97.984,4.864013056
594,97.984,4.872358144
595,97.984,4.8804352
596,97.984,4.888285184
597,97.984,4.89641216
598,97.984,4.904400128
599,97.984,4.912171008
600,97.984,4.920001024
601,95.486,4.92815616
602,95.486,4.935820032
603,95.486,4.943494144
604,95.486,4.95167616
605,95.486,4.960017152
606,95.486,4.968292096
607,95.486,4.976079104
608,95.486,4.983625984
609,95.486,4.992299008
610,95.486,5.000292096
611,95.486,5.00841216
612,95.486,5.016201216
613,95.486,5.024114176
614,95.486,5.032474112
615,95.486,5.040340992
616,95.486,5.048018176
617,95.486,5.055879168
618,95.486,5.06399104
619,95.486,5.071881216
620,95.486,5.079536128
621,95.486,5.087350016
622,95.486,5.096753152
623,95.486,5.105202176
624,95.486,5.112959232
625,95.486,5.120744192
626,95.486,5.128726016
627,95.486,5.136649984
628,100.116,5.144730112
629,95.486,5.152690176
630,95.486,5.160625152
631,95.486,5.16852608
632,95.486,5.176353024
633,95.486,5.184662016
634,95.486,5.19231616
635,95.486,5.200038144
636,109.710,5.207871232
637,95.486,5.21547904
638,95.486,5.223921152
639,95.486,5.23154816
640,95.486,5.239348992
641,95.486,5.247074048
642,95.486,5.25476608
643,95.486,5.262927104
644,95.486,5.270892032
645,95.486,5.278681088
646,95.486,5.28655104
647,95.486,5.294558208
648,95.486,5.303105024
649,95.486,5.311176192
650,95.486,5.31897216
651,95.486,5.326750208
652,95.486,5.334498048
653,95.486,5.342715136
654,95.486,5.350484224
655,95.486,5.358296064
656,95.486,5.365839104
657,95.486,5.373762048
658,95.486,5.38194304
659,95.486,5.389854976
660,95.486,5.397735168
661,121.656,5.406159104
662,95.486,5.414753024
663,95.486,5.42251904
664,95.486,5.430161152
665,95.486,5.438148096
666,95.486,5.445721088
667,95.486,5.453969152
668,95.486,5.461846016
669,87.646,5.469682176
670,59.544,5.477439232
671,59.544,5.48568704
672,59.544,5.49338112
673,59.544,5.50131712
674,59.544,5.50992512
675,59.544,5.518281216
676,59.544,5.527254016
677,59.544,5.53491712
678,59.544,5.543097088
679,59.544,5.55078912
680,59.544,5.559039232
681,59.544,5.566819072
682,70.473,5.57480704
683,59.544,5.582531072
684,59.544,5.590278144
685,63.415,5.598305024
686,59.544,5.606283008
687,65.271,5.61395712
688,59.544,5.621533184
689,59.544,5.629753088
690,59.544,5.637938176
691,59.544,5.64555008
692,59.544,5.653647104
693,59.544,5.662083072
694,59.544,5.670018048
695,59.544,5.67777408
696,59.544,5.6855232
697,59.544,5.693243136
698,59.544,5.701470976
699,48.297,5.709388032
700,48.146,5.717720064
701,48.146,5.7275072
702,47.598,5.736076032
703,47.598,5.743816192
704,47.598,5.751636224
705,47.598,5.760090112
706,47.598,5.768470016
707,47.598,5.776385024
708,47.598,5.784065024
709,49.187,5.791953152
710,47.598,5.79956608
711,47.598,5.807881216
712,47.598,5.815684096
713,47.598,5.823471104
714,47.598,5.831049984
715,47.598,5.839254016
716,47.598,5.84716416
717,47.598,5.855679232
718,47.598,5.863560192
719,47.598,5.874654208
720,47.598,5.883108096
721,63.978,5.892137984
722,47.598,5.900382976
723,47.598,5.908733184
724,47.598,5.916355072
725,47.598,5.924164096
726,47.598,5.931934976
727,45.521,5.940246016
728,45.521,5.948031232
729,45.521,5.955956224
730,45.521,5.963593216
731,45.521,5.972045056
732,45.521,5.979691008
733,45.521,5.987435008
734,45.521,5.995308032
735,45.521,6.003650048
736,45.521,6.013827072
737,45.521,6.021712128
738,45.521,6.029615104
739,45.521,6.037501184
740,45.521,6.045321216
741,45.521,6.05383808
742,45.521,6.061634048
743,45.521,6.0694912
744,45.521,6.07745408
745,45.521,6.085313024
746,99.544,6.093700096
747,45.521,6.10164608
748,29.531,6.109247232
749,29.531,6.117257216
750,29.531,6.126403072
751,29.531,6.134610176
752,29.531,6.142406144
753,29.531,6.14996608
754,29.531,6.15785216
755,29.531,6.166238208
756,29.257,6.175425024
757,29.257,6.183113984
758,29.257,6.190824192
759,29.257,6.199197184
760,29.257,6.207046144
761,29.257,6.214714112
762,29.257,6.22258816
763,29.257,6.23021312
764,29.257,6.238571008
765,29.257,6.246207232
766,29.257,6.254406144
767,29.257,6.262494208
768,29.257,6.27072512
769,29.257,6.27831808
770,29.257,6.286087168
771,29.257,6.293768192
772,29.257,6.301398016
773,29.257,6.309784064
774,29.257,6.317617152
775,29.257,6.32546304
776,29.257,6.333094144
777,29.257,6.341310208
778,29.257,6.349100032
779,29.257,6.356975104
780,29.257,6.364544
781,29.257,6.3725632
782,29.257,6.380681216
783,29.257,6.388473088
784,29.257,6.396276224
785,29.257,6.404692224
786,29.257,6.414243072
787,29.257,6.422083072
788,29.257,6.430467072
789,29.257,6.43856
790,29.257,6.446345984
791,29.257,6.454196224
792,29.257,6.461805056
793,29.257,6.469501184
794,29.257,6.477942016
795,29.257,6.485725184
796,29.257,6.493385984
797,29.257,6.50108416
798,29.257,6.508880128
799,29.257,6.516500224
800,29.257,6.524449024
801,29.257,6.532666112
802,29.257,6.54057216
803,29.257,6.548242176
804,29.257,6.556041216
805,29.257,6.56392704
806,29.257,6.571723008
807,29.257,6.58198016
808,29.257,6.589876224
809,29.257,6.597662208
810,29.257,6.605618176
811,29.257,6.61336704
812,30.679,6.622081024
813,29.257,6.631628032
814,29.257,6.640027136
815,29.257,6.647674112
816,29.257,6.655390976
817,29.257,6.663144192
818,29.257,6.67134208
819,29.257,6.679043072
820,29.257,6.687463168
821,29.257,6.696404992
822,29.257,6.704274176
823,29.257,6.711841024
824,29.257,6.720218112
825,29.257,6.728049152
826,37.752,6.73572608
827,29.257,6.74344704
828,29.257,6.751160064
829,29.257,6.758865152
830,29.257,6.767094016
831,29.257,6.774905088
832,29.257,6.782441216
833,29.257,6.790377216
834,29.257,6.797981184
835,30.807,6.806006016
836,29.257,6.8144192
837,29.257,6.822317056
838,29.257,6.83022208
839,29.257,6.838130176
840,29.257,6.846018048
841,29.257,6.854412032
842,29.257,6.86200704
843,29.257,6.869718016
844,29.257,6.8775872
845,29.257,6.885378048
846,29.257,6.893049088
847,29.257,6.901420032
848,29.257,6.9093952
849,29.257,6.917035008
850,29.257,6.925814016
851,29.257,6.933484032
852,29.257,6.941804032
853,29.257,6.949629184
854,29.257,6.957373184
855,29.257,6.965128192
856,29.257,6.975358208
857,29.257,6.98481408
858,29.257,6.993259008
859,35.555,7.001032192
860,29.257,7.008669184
861,29.257,7.016364032
862,29.257,7.024132096
863,30.441,7.032199168
864,29.257,7.0401472
865,29.257,7.04770304
866,29.257,7.055353088
867,29.257,7.063069184
868,29.257,7.071448064
869,29.257,7.079062016
870,29.257,7.087929088
871,20.866,7.097481216
872,20.866,7.105548032
873,20.866,7.113681152
874,20.866,7.122093056
875,20.866,7.129659136
876,20.866,7.137447168
877,20.866,7.14523008
878,21.098,7.153558016
879,20.866,7.162290176
880,20.866,7.170006016
881,20.866,7.17775104
882,20.866,7.185474048
883,20.866,7.193236992
884,19.497,7.20135808
885,19.497,7.209273088
886,19.497,7.216816128
887,19.497,7.224516096
888,19.497,7.232345088
889,19.497,7.24063616
890,19.497,7.248278016
891,19.497,7.256033024
892,19.497,7.26365312
893,19.497,7.271433984
894,20.700,7.279725056
895,19.497,7.287454976
896,19.497,7.295128064
897,19.497,7.302782208
898,19.497,7.311098112
899,19.497,7.318856192
900,19.497,7.326637056
901,19.497,7.334183168
902,19.497,7.342124032
903,19.497,7.350354176
904,19.497,7.358617088
905,20.399,7.366340096
906,19.497,7.37404416
907,19.497,7.381757184
908,19.497,7.390420224
909,19.497,7.398497024
910,19.497,7.406452992
911,19.497,7.414141184
912,19.497,7.422022144
913,29.356,7.429762048
914,19.497,7.437483008
915,19.497,7.445848064
916,19.497,7.453585152
917,19.497,7.46125312
918,19.497,7.468943104
919,19.497,7.476726016
920,19.497,7.485292032
921,19.497,7.493131008
922,19.497,7.500667136
923,19.497,7.508376064
924,20.353,7.516465152
925,19.497,7.5249792
926,19.497,7.533191168
927,19.497,7.540989184
928,19.497,7.548506112
929,19.497,7.556318208
930,19.497,7.56463104
931,19.497,7.573007104
932,19.497,7.580717056
933,19.497,7.588487168
934,19.497,7.596045056
935,19.497,7.603785216
936,19.497,7.611401984
937,19.497,7.619742976
938,19.497,7.627442176
939,19.497,7.635122176
940,19.497,7.642810112
941,19.497,7.650900992
942,19.497,7.658961152
943,19.497,7.666573056
944,19.497,7.675913216
945,19.497,7.684986112
946,19.497,7.692632064
947,19.497,7.700816128
948,19.497,7.708762112
949,19.497,7.716384
950,19.497,7.72505216
951,19.497,7.732743168
952,19.497,7.740625152
953,19.497,7.749031168
954,19.497,7.756761088
955,19.497,7.764553984
956,19.497,7.77254016
957,19.497,7.78013312
958,19.497,7.788556032
959,19.497,7.796244992
960,19.497,7.803986176
961,19.497,7.811710208
962,19.497,7.819456
963,19.497,7.827508992
964,19.497,7.835282176
965,19.497,7.84313216
966,19.497,7.850852096
967,19.497,7.85874304
968,19.497,7.866983168
969,19.497,7.874850048
970,19.497,7.882530048
971,19.497,7.890264064
972,19.497,7.897762048
973,19.497,7.906185984
974,19.497,7.91376
975,19.497,7.92202112
976,19.497,7.931364096
977,19.497,7.939692032
978,19.497,7.947289088
979,19.497,7.955038976
980,19.927,7.96274816
981,19.497,7.970913024
982,19.497,7.979529984
983,19.497,7.987421184
984,19.497,7.995079168
985,19.497,8.002800128
986,20.089,8.011533056
987,19.497,8.019778048
988,19.497,8.027581184
989,18.544,8.0355392
990,18.544,8.045958144
991,18.544,8.054141184
992,18.544,8.062584064
993,18.544,8.070347008
994,18.544,8.077993984
995,18.544,8.085662208
996,18.544,8.095697152
997,18.544,8.103750144
998,18.544,8.111446016
999,18.544,8.119270144
1000,18.544,8.130778112
1001,18.544,8.139364096
1002,18.544,8.14701312
1003,18.544,8.1548672
1004,18.544,8.162939136
1005,18.544,8.171263232
1006,18.544,8.17898112
1007,18.544,8.188004096
1008,18.544,8.19721216
1009,18.544,8.2054592
1010,18.544,8.213268224
1011,18.544,8.221601024
1012,18.544,8.229617152
1013,18.544,8.237960192
1014,18.544,8.246473216
1015,18.544,8.254457088
1016,18.544,8.262251008
1017,18.544,8.27007104
1018,18.544,8.27832704
1019,18.544,8.286207232
1020,18.544,8.294041088
1021,18.544,8.301784064
1022,18.544,8.309978112
1023,18.544,8.317822208
1024,18.544,8.325755136
1025,10.056,8.333443072
1026,10.056,8.343335168
1027,10.056,8.352417024
1028,10.056,8.362708992
1029,10.056,8.370825984
1030,10.056,8.37846912
1031,10.056,8.387026176
1032,10.056,8.395102208
1033,10.056,8.402854144
1034,10.056,8.410769152
1035,10.056,8.419067136
1036,10.056,8.42690816
1037,10.056,8.434686208
1038,10.056,8.442945024
1039,10.056,8.451208192
1040,10.056,8.460376064
1041,10.056,8.4689152
1042,10.056,8.477211136
1043,10.056,8.484882176
1044,10.056,8.494316032
1045,12.509,8.504342016
1046,10.056,8.512050176
1047,10.056,8.519879168
1048,10.056,8.527705088
1049,10.056,8.535465984
1050,10.056,8.543944192
1051,10.056,8.551688192
1052,10.056,8.55930112
1053,10.056,8.567024128
1054,10.056,8.574783232
1055,9.893,8.582809088
1056,9.893,8.590769152
1057,9.893,8.599341056
1058,6.727,8.60754304
1059,6.727,8.615185152
1060,6.697,8.623491072
1061,6.697,8.631305216
1062,6.697,8.641341184
1063,6.697,8.650685184
1064,6.697,8.658403072
1065,6.697,8.666779136
1066,6.697,8.674654976
1067,6.697,8.682440192
1068,6.697,8.690205184
1069,6.697,8.697745152
1070,6.697,8.706219008
1071,6.697,8.713830144
1072,6.697,8.721483008
1073,6.697,8.729206016
1074,6.697,8.737597184
1075,6.697,8.745374208
1076,6.697,8.753364992
1077,6.697,8.761076224
1078,6.697,8.768843008
1079,6.697,8.777352192
1080,6.697,8.785161216
1081,6.697,8.793089024
1082,6.697,8.800815104
1083,6.697,8.808681216
1084,6.697,8.8170752
1085,6.697,8.82478208
1086,6.697,8.832331008
1087,6.697,8.840369152
1088,6.697,8.8488512
1089,6.697,8.856720128
1090,6.697,8.864431104
1091,6.697,8.873094144
1092,6.697,8.88095104
1093,6.697,8.889232128
1094,6.697,8.896926208
1095,6.697,8.905903104
1096,6.697,8.915401216
1097,6.697,8.923892224
1098,6.697,8.931753984
1099,6.697,8.943277056
1100,6.697,8.95148416
1101,6.697,8.959966208
1102,6.697,8.967784192
1103,6.697,8.975760128
1104,6.697,8.983821056
1105,6.697,8.99191808
1106,6.697,9.000900096
1107,6.697,9.008992
1108,6.697,9.01674112
1109,6.697,9.024555008
1110,6.697,9.032817152
1111,6.697,9.040694016
1112,6.697,9.048820992
1113,6.697,9.059188224
1114,6.697,9.066960128
1115,6.697,9.075304192
1116,6.697,9.084195072
1117,6.697,9.092030208
1118,6.697,9.099617024
1119,6.697,9.107505152
1120,6.697,9.115087104
1121,6.697,9.12356608
1122,5.138,9.131366144
1123,5.138,9.139972096
1124,5.138,9.1478912
1125,5.138,9.155661056
1126,5.138,9.163446016
1127,5.138,9.171270144
1128,5.138,9.179577088
1129,5.138,9.188228096
1130,5.138,9.1976832
1131,5.138,9.2057792
1132,5.138,9.213516032
1133,5.138,9.221355008
1134,5.138,9.229716224
1135,5.138,9.237484032
1136,5.138,9.245204992
1137,5.138,9.253040128
1138,5.138,9.26090112
1139,5.138,9.268551168
1140,5.138,9.276987136
1141,5.138,9.284817152
1142,5.138,9.29348608
1143,5.138,9.301140224
1144,5.138,9.308985088
1145,5.138,9.316653056
1146,5.138,9.324946176
1147,5.138,9.336660992
1148,5.138,9.344877056
1149,5.138,9.352644096
1150,5.138,9.360306176
1151,5.138,9.368108032
1152,5.138,9.376410112
1153,5.138,9.38403712
1154,5.138,9.392871168
1155,5.138,9.400708096
1156,5.138,9.408630016
1157,5.138,9.41676416
1158,5.138,9.42456704
1159,5.138,9.432352
1160,5.138,9.440129024
1161,5.138,9.447864064
1162,5.138,9.455883008
1163,5.138,9.464080128
1164,5.138,9.471981056
1165,5.138,9.479625216
1166,5.138,9.487400192
1167,5.138,9.495206144
1168,5.138,9.503636224
1169,5.138,9.513981184
1170,5.138,9.521796096
1171,5.138,9.529569024
1172,5.138,9.537441024
1173,5.138,9.545223168
1174,5.138,9.553153024
1175,5.138,9.56142208
1176,5.138,9.569385984
1177,5.138,9.577328128
1178,5.138,9.58512
1179,5.138,9.592798976
1180,5.138,9.60107904
1181,5.138,9.608862208
1182,5.138,9.616495104
1183,5.138,9.624274176
1184,5.138,9.631821056
1185,5.138,9.641476096
1186,5.138,9.650467072
1187,5.138,9.659348224
1188,5.138,9.666968064
1189,5.138,9.674953984
1190,5.138,9.682600192
1191,5.138,9.690864128
1192,5.138,9.699124992
1193,5.138,9.707759104
1194,5.138,9.716379136
1195,5.138,9.72421504
1196,5.138,9.732495104
1197,5.138,9.741232128
1198,5.138,9.750068224
1199,5.138,9.758689024
1200,5.138,9.76707712
1201,5.138,9.775006208
1202,5.138,9.78341504
1203,5.138,9.791350016
1204,5.138,9.799299072
1205,5.138,9.807081216
1206,5.138,9.814873088
1207,5.138,9.823149056
1208,5.138,9.830907136
1209,5.138,9.838947072
1210,5.138,9.84799104
1211,5.138,9.856137984
1212,5.138,9.864096
1213,5.138,9.87200512
1214,5.138,9.880139008
1215,5.138,9.88793216
1216,5.138,9.895771136
1217,5.138,9.9041152
1218,5.138,9.911858176
1219,5.138,9.919710208
1220,5.138,9.927544064
1221,5.138,9.93520512
1222,5.138,9.946864128
1223,5.138,9.95506816
1224,5.138,9.96274304
1225,5.138,9.970433024
1226,5.138,9.978142208
1227,5.138,9.986269184
1228,5.138,9.994014976
1229,5.138,10.001780224
1230,5.138,10.009677056
1231,5.138,10.01765504
1232,5.138,10.026790144
1233,5.138,10.034624
1234,5.138,10.04304512
1235,5.138,10.050621184
1236,5.138,10.059284992
1237,5.138,10.067058176
1238,5.138,10.075104
1239,5.138,10.08285312
1240,5.138,10.090592
1241,5.138,10.098973184
1242,5.138,10.106920192
1243,5.138,10.11454208
1244,5.138,10.123614208
1245,5.138,10.133563136
1246,4.658,10.142025216
1247,4.658,10.14987904
1248,4.658,10.15799808
1249,4.658,10.1657792
1250,4.658,10.174144
1251,4.658,10.181841152
1252,4.658,10.189769216
1253,4.658,10.19778816
1254,4.658,10.205761024
1255,4.658,10.213964032
1256,4.658,10.222064128
1257,4.658,10.229705984
1258,4.658,10.237496064
1259,4.658,10.245682176
1260,4.658,10.253484032
1261,4.658,10.261353984
1262,4.658,10.269097216
1263,4.658,10.276809984
1264,4.658,10.285129984
1265,4.658,10.293021184
1266,4.658,10.300715008
1267,4.658,10.308683008
1268,4.658,10.317005056
1269,6.201,10.325735168
1270,4.658,10.333321216
1271,4.658,10.341086976
1272,4.658,10.350321152
1273,4.658,10.361389056
1274,4.658,10.369551104
1275,4.658,10.380928
1276,4.658,10.389200128
1277,4.658,10.396957184
1278,4.658,10.405329152
1279,4.658,10.41338112
1280,4.658,10.421900032
1281,4.658,10.430036992
1282,4.658,10.438516992
1283,4.658,10.447282176
1284,4.658,10.45527808
1285,4.658,10.46315008
1286,4.658,10.471121152
1287,4.658,10.478932224
1288,4.658,10.487390208
1289,4.658,10.495129088
1290,4.658,10.5028672
1291,4.658,10.511062016
1292,4.658,10.519471104
1293,4.658,10.527737088
1294,4.658,10.535533056
1295,4.658,10.543440128
1296,4.658,10.551126016
1297,4.658,10.559002112
1298,4.658,10.56717312
1299,4.658,10.5753152
1300,4.658,10.582980096
1301,4.658,10.592721152
1302,4.658,10.601592064
1303,4.658,10.610059008
1304,4.658,10.61791616
1305,4.658,10.628384
1306,4.658,10.636809984
1307,4.658,10.644687104
1308,4.658,10.653096192
1309,4.658,10.660811008
1310,4.658,10.67046912
1311,4.658,10.680506112
1312,4.658,10.689024
1313,4.658,10.696861184
1314,4.658,10.704923136
1315,4.658,10.713114112
1316,4.658,10.721886976
1317,4.658,10.731951104
1318,4.806,10.74162304
1319,4.658,10.750956032
1320,4.658,10.75888
1321,4.658,10.767363072
1322,4.658,10.775322112
1323,4.658,10.78318208
1324,4.658,10.791057152
1325,4.658,10.798952192
1326,4.658,10.807497984
1327,4.658,10.815192064
1328,4.658,10.824100096
1329,4.658,10.832378112
1330,4.658,10.84070912
1331,4.658,10.849786112
1332,4.658,10.857696
1333,4.658,10.865498112
1334,4.658,10.873849088
1335,4.658,10.88342016
1336,7.355,10.891454208
1337,4.658,10.899179008
1338,6.295,10.907057152
1339,4.658,10.915288064
1340,4.658,10.923364096
1341,4.658,10.931192064
1342,4.658,10.942271232
1343,4.658,10.951375104
1344,4.658,10.959273216
1345,4.658,10.966921984
1346,4.658,10.97482112
1347,4.658,10.982950144
1348,4.658,10.990797056
1349,4.254,10.998530048
1350,4.254,11.006385152
1351,4.254,11.01448704
1352,4.254,11.02293504
1353,4.254,11.030523136
1354,4.254,11.040079104
1355,4.254,11.048752128
1356,4.254,11.057225984
1357,4.254,11.06486912
1358,4.254,11.07315712
1359,4.254,11.081008128
1360,4.254,11.089188096
1361,4.254,11.096936192
1362,4.080,11.104861184
1363,4.080,11.1128
1364,4.080,11.120739072
1365,4.080,11.129428992
1366,4.080,11.137336064
1367,4.080,11.146119168
1368,4.080,11.153796096
1369,4.080,11.161853184
1370,4.080,11.17021312
1371,4.080,11.17785216
1372,4.080,11.185597184
1373,4.080,11.193385984
1374,4.045,11.201053184
1375,4.045,11.208989184
1376,4.045,11.217169152
1377,4.045,11.225065984
1378,4.045,11.232710144
1379,4.045,11.240547072
1380,4.045,11.248358144
1381,4.045,11.25615616
1382,8.857,11.263759104
1383,4.045,11.272294144
1384,4.045,11.279890176
1385,4.045,11.287587072
1386,4.045,11.295348224
1387,4.045,11.303144192
1388,4.045,11.310817024
1389,4.045,11.319145984
1390,2.303,11.32696704
1391,2.303,11.33478912
1392,2.303,11.342657024
1393,2.303,11.350246144
1394,2.303,11.358203136
1395,2.303,11.366424064
1396,2.303,11.374202112
1397,2.303,11.381876224
1398,2.303,11.39002112
1399,2.303,11.398034176
1400,2.303,11.406605056
1401,2.303,11.414238208
1402,1.816,11.422174208
1403,1.816,11.429929984
1404,1.816,11.437735168
1405,1.816,11.445492992
1406,1.816,11.453862144
1407,1.816,11.461734144
1408,1.816,11.46957312
1409,1.816,11.477337088
1410,2.335,11.485053184
1411,1.816,11.492971008
1412,1.816,11.501136128
1413,1.816,11.509019136
1414,1.816,11.516675072
1415,1.816,11.524498176
1416,1.816,11.533289984
1417,1.182,11.541110016
1418,1.182,11.54922112
1419,1.182,11.557246208
1420,1.182,11.564944128
1421,1.182,11.574127104
1422,1.182,11.582822144
1423,1.267,11.592175104
1424,1.182,11.599945984
1425,1.182,11.60801408
1426,1.182,11.61577216
1427,1.182,11.624315136
1428,1.182,11.632280064
1429,1.182,11.640611072
1430,1.182,11.648404992
1431,1.182,11.656329216
1432,1.182,11.664424192
1433,1.182,11.672417024
1434,1.182,11.680694016
1435,1.182,11.688562176
1436,1.182,11.696364032
1437,1.182,11.704169216
1438,1.182,11.711908096
1439,1.182,11.720241152
1440,1.182,11.729319168
1441,1.182,11.73740416
1442,1.182,11.745296128
1443,1.182,11.753298176
1444,1.182,11.761880064
1445,1.182,11.770191104
1446,1.182,11.778206208
1447,1.033,11.786036992
1448,1.033,11.79395712
1449,1.033,11.80174208
1450,1.033,11.810010112
1451,1.516,11.817814016
1452,1.033,11.82562304
1453,1.033,11.833305088
1454,1.033,11.843901184
1455,1.033,11.852254976
1456,1.033,11.860766208
1457,1.033,11.868652032
1458,1.033,11.876596992
1459,1.033,11.884231168
1460,1.033,11.892178176
1461,1.033,11.900905984
1462,1.033,11.908876032
1463,1.033,11.916825088
1464,1.033,11.92478208
1465,1.033,11.932505088
1466,1.033,11.94098304
1467,1.033,11.948713216
1468,1.033,11.956815104
1469,1.033,11.964500992
1470,1.033,11.972340224
1471,1.033,11.980692992
1472,1.033,11.988523008
1473,1.033,11.996257024
1474,1.033,12.004652032
1475,1.033,12.013127168
1476,1.033,12.021691136
1477,1.033,12.02943616
1478,1.033,12.03727616
1479,1.033,12.045112064
1480,1.033,12.052857088
1481,1.033,12.061327104
1482,1.033,12.069183232
1483,1.033,12.076865024
1484,1.033,12.084665088
1485,1.033,12.09302912
1486,1.033,12.100724992
1487,1.033,12.108923136
1488,1.033,12.116625152
1489,1.033,12.12468608
1490,1.033,12.133359104
1491,1.033,12.141460224
1492,1.033,12.149323008
1493,1.033,12.157233152
1494,1.033,12.165398016
1495,1.033,12.1738432
1496,1.033,12.181501184
1497,1.103,12.189585152
1498,1.033,12.197289216
1499,1.033,12.2058432
1500,1.033,12.21365504
1501,1.033,12.221489152
1502,1.033,12.229376
1503,1.033,12.237241088
1504,0.887,12.246116096
1505,0.887,12.255881984
1506,0.887,12.263806208
1507,0.887,12.27170304
1508,0.887,12.280035072
1509,0.887,12.289281024
1510,0.887,12.297186048
1511,0.887,12.305168128
1512,0.887,12.313577216
1513,0.887,12.321569024
1514,0.887,12.329451008
1515,0.887,12.337856
1516,0.887,12.347126016
1517,0.887,12.355597056
1518,0.887,12.364214016
1519,0.887,12.372048128
1520,0.887,12.380006144
1521,0.887,12.388792064
1522,0.887,12.396649216
1523,0.887,12.405133056
1524,0.887,12.412991232
1525,0.887,12.4210112
1526,0.887,12.428720128
1527,0.887,12.436525056
1528,0.887,12.444984064
1529,0.887,12.453631232
1530,0.887,12.46182016
1531,0.887,12.469895168
1532,0.887,12.47776
1533,0.887,12.486196992
1534,0.887,12.49414912
1535,0.887,12.502089984
1536,0.887,12.51233408
1537,0.887,12.520651008
1538,0.887,12.529076992
1539,0.887,12.537954048
1540,0.887,12.548137984
1541,0.887,12.556314112
1542,0.887,12.563981056
1543,0.887,12.572603136
1544,0.887,12.580603136
1545,0.887,12.589675008
1546,0.887,12.598540032
1547,0.887,12.60735616
1548,0.887,12.618694144
1549,0.887,12.626687232
1550,0.887,12.634326016
1551,0.887,12.642402048
1552,0.887,12.650087168
1553,0.887,12.658705152
1554,0.887,12.66658816
1555,0.887,12.676500992
1556,0.887,12.685682176
1557,0.887,12.694260224
1558,0.887,12.702271232
1559,0.640,12.710321152
1560,0.640,12.718119168
1561,0.640,12.725903104
1562,0.640,12.734234112
1563,0.640,12.742953984
1564,0.640,12.750676992
1565,1.047,12.758648064
1566,0.640,12.766650112
1567,0.640,12.776447232
1568,0.640,12.786644992
1569,0.640,12.794742016
1570,0.640,12.802683136
1571,1.013,12.81119104
1572,0.640,12.819025152
1573,0.640,12.826800128
1574,0.640,12.834649088
1575,0.640,12.843149056
1576,0.722,12.851224064
1577,0.640,12.859014144
1578,1.099,12.866833152
1579,0.640,12.874753024
1580,0.640,12.882785024
1581,0.640,12.890630144
1582,0.640,12.898324224
1583,0.640,12.906083072
1584,0.640,12.914434048
1585,0.640,12.922301184
1586,0.640,12.930128128
1587,0.640,12.938397184
1588,0.737,12.947540224
1589,0.640,12.955515136
1590,0.640,12.963225088
1591,0.640,12.971325184
1592,0.640,12.979126016
1593,0.640,12.987457024
1594,0.640,12.996788224
1595,0.640,13.004687104
1596,0.640,13.012415232
1597,0.640,13.020777984
1598,0.640,13.028551168
1599,0.640,13.036445184
1600,0.640,13.044647168
1601,0.640,13.052318976
1602,0.640,13.060674048
1603,0.640,13.068377088
1604,0.640,13.077105152
1605,0.640,13.085103104
1606,0.640,13.09280512
1607,0.640,13.101074176
1608,0.880,13.1089152
1609,0.640,13.116510976
1610,0.640,13.124404224
1611,0.640,13.131956224
1612,0.640,13.140852992
1613,0.640,13.148688128
1614,0.640,13.156423168
1615,0.640,13.164425984
1616,0.640,13.172969984
1617,0.640,13.181649152
1618,0.640,13.189444096
1619,0.640,13.197108224
1620,0.640,13.20510208
1621,0.640,13.2127232
1622,0.640,13.221112064
1623,0.640,13.228838144
1624,0.640,13.23729408
1625,0.640,13.245449984
1626,0.640,13.253304064
1627,0.640,13.262168064
1628,0.640,13.269854208
1629,0.640,13.279907072
1630,0.718,13.288507136
1631,0.640,13.29648
1632,0.640,13.304701184
1633,0.640,13.31292416
1634,0.708,13.320880128
1635,0.640,13.328626176
1636,0.640,13.336306176
1637,0.372,13.3442112

Error results for GA
---------------------------
0,233.405,0.212459008
1,270.576,0.425913088
2,352.746,0.632027136
3,382.125,0.846927104
4,372.674,1.055202048
5,262.035,1.261539072
6,239.890,1.469953024
7,232.774,1.67523712
8,199.593,1.880329984
9,181.895,2.094948096
10,206.098,2.298388992
11,145.237,2.512467968
12,361.133,2.722331136
13,344.671,2.928251136
14,303.984,3.137238016
15,203.379,3.347080192
16,179.443,3.552582144
17,204.266,3.769981184
18,183.034,3.986920192
19,289.764,4.198750208
20,128.977,4.409216
21,149.156,4.62130816
22,136.691,4.829438208
23,99.346,5.040451072
24,164.580,5.25392512
25,83.289,5.456417024
26,104.547,5.662808064
27,122.044,5.872438016
28,69.879,6.079853056
29,72.104,6.291780096
30,58.542,6.494947072
31,55.110,6.706593024
32,42.829,6.922631168
33,59.043,7.128509184
34,106.207,7.34151808
35,101.122,7.548880128
36,46.249,7.753371136
37,68.349,7.961652992
38,51.719,8.173178112
39,61.997,8.378648064
40,42.623,8.58266112
41,48.754,8.794331136
42,60.494,9.005049088
43,41.325,9.215506176
44,55.505,9.42265216
45,43.225,9.637216
46,53.009,9.846334208
47,37.570,10.058651136
48,35.084,10.266201088
49,43.250,10.477225216
50,30.924,10.6828672
51,37.087,10.894153984
52,48.989,11.110592
53,34.341,11.32384
54,37.742,11.533478144
55,30.772,11.736022016
56,34.173,11.947332096
57,34.642,12.15051904
58,43.094,12.359761152
59,30.924,12.566248192
60,40.597,12.771144192
61,29.114,12.973901056
62,30.115,13.179820032
63,42.653,13.385777152
64,28.303,13.598893056
65,24.755,13.809302016
66,28.696,14.021484032
67,31.456,14.225122048
68,23.064,14.440507136
69,21.116,14.650415104
70,26.733,14.856702208
71,28.800,15.063640064
72,23.064,15.270052096
73,25.230,15.477798144
74,26.733,15.680785152
75,23.064,15.888143104
76,23.064,16.098857216
77,26.719,16.299547136
78,23.064,16.501881088
79,23.064,16.710206976
80,27.702,16.908931072
81,25.408,17.120190976
82,19.045,17.32808704
83,22.948,17.539604992
84,23.064,17.746768128
85,22.785,17.952143104
86,23.064,18.159307008
87,23.064,18.364835072
88,23.064,18.57354112
89,22.962,18.780424192
90,22.962,18.988473088
91,22.962,19.19656704
92,25.709,19.41035904
93,22.962,19.613112064
94,22.962,19.823412992
95,23.064,20.044721152
96,13.687,20.244662016
97,23.064,20.447410176
98,16.684,20.651695104
99,22.962,20.86228608
100,13.626,21.073319168
101,13.687,21.280923136
102,23.064,21.487593984
103,13.626,21.710403072
104,6.515,21.914456064
105,13.687,22.122059008
106,6.515,22.328396032
107,3.410,22.536315136
108,2.687,22.754767104
109,3.410,22.966406144
110,3.410,23.164231168
111,3.410,23.382806016
112,3.410,23.592102144
113,3.410,23.801415168
114,3.410,24.007811072
115,3.410,24.215467008
116,2.062,24.4263552
117,2.962,24.638631168
118,5.240,24.840384
119,3.394,25.043203072
120,3.394,25.248602112
121,2.072,25.466966016
122,2.062,25.670941184
123,2.062,25.886590208
124,2.072,26.089812992
125,2.062,26.30439296
126,2.062,26.510139136
127,2.062,26.717581056
128,1.360,26.925027072
129,1.360,27.129979136
130,1.360,27.337897216
131,1.354,27.549473024
132,1.354,27.7528832
133,1.354,27.957209088
134,1.360,28.160708096
135,1.437,28.362252032
136,1.354,28.572989184
137,1.354,28.77658112
138,1.354,28.988222208
139,1.360,29.19188608
140,1.354,29.399120128
141,1.226,29.604155136
142,1.354,29.81939712
143,1.430,30.02137216
144,1.354,30.217364992
145,1.354,30.417971968
146,1.541,30.623131136
147,1.354,30.837441024
148,1.360,31.044905984
149,1.354,31.256481024
150,0.946,31.463805184
151,1.354,31.674781184
152,1.430,31.881255168
153,1.354,32.083268096
154,1.360,32.294462976
155,1.018,32.494605056
156,0.941,32.705814016
157,0.946,32.911595008
158,0.946,33.111000064
159,0.946,33.3134912
160,1.014,33.524396032
161,0.946,33.732872192
162,0.946,33.9377152
163,0.946,34.1489472
164,1.014,34.351108096
165,0.946,34.552751104
166,0.946,34.768655104
167,0.852,34.977732096
168,0.419,35.181533184

Results for RHC: 
Correctly classified 3888.0 instances.
Incorrectly classified 0.0 instances.
Percent correctly classified: 100.000%
Training time: 13.018 seconds
Testing time: 0.012 seconds
Iterations: 1523

Results for SA: 
Correctly classified 3888.0 instances.
Incorrectly classified 0.0 instances.
Percent correctly classified: 100.000%
Training time: 13.344 seconds
Testing time: 0.012 seconds
Iterations: 1637

Results for GA: 
Correctly classified 3888.0 instances.
Incorrectly classified 0.0 instances.
Percent correctly classified: 100.000%
Training time: 35.182 seconds
Testing time: 0.012 seconds
Iterations: 168

