
Error results for RHC
---------------------------
0,631.298,0.097048064
1,631.298,0.12854016
2,631.298,0.145583104
3,631.298,0.158404096
4,631.298,0.169338112
5,631.298,0.180096
6,631.298,0.190365184
7,631.298,0.19956224
8,631.298,0.210674176
9,631.298,0.219971072
10,631.298,0.229240064
11,631.298,0.2424512
12,631.298,0.251862016
13,631.298,0.261449216
14,631.298,0.270880256
15,631.298,0.280221184
16,631.298,0.289826048
17,606.425,0.300715008
18,606.425,0.310096128
19,606.425,0.31941504
20,606.425,0.328660224
21,606.425,0.338113024
22,606.425,0.347362048
23,606.425,0.356623104
24,606.425,0.365941248
25,606.425,0.375151104
26,606.425,0.38585216
27,606.425,0.39529216
28,606.425,0.404523008
29,582.811,0.413810176
30,582.811,0.423153152
31,582.811,0.432245248
32,582.811,0.442161152
33,582.811,0.451362048
34,582.486,0.462116096
35,582.486,0.473289216
36,582.486,0.482687232
37,582.486,0.492105216
38,582.486,0.50131712
39,582.486,0.511592192
40,582.635,0.520801024
41,582.486,0.530101248
42,582.486,0.539552256
43,582.486,0.548671232
44,582.486,0.559585024
45,582.486,0.569007104
46,582.486,0.57838208
47,582.486,0.58789504
48,582.486,0.597233152
49,582.486,0.606448128
50,582.486,0.61565824
51,582.486,0.624812032
52,582.486,0.634001152
53,582.486,0.64371712
54,582.486,0.657329152
55,582.486,0.668804096
56,582.486,0.678112256
57,582.486,0.687337216
58,582.486,0.696827136
59,582.486,0.706185216
60,582.552,0.719070208
61,582.486,0.728603136
62,582.486,0.737928192
63,582.486,0.747148032
64,582.486,0.757021184
65,582.486,0.76628608
66,582.486,0.775536128
67,582.486,0.784821248
68,582.486,0.7941632
69,584.720,0.803925248
70,582.486,0.813225216
71,582.486,0.822569216
72,582.486,0.83179008
73,582.486,0.841273088
74,582.486,0.850792192
75,582.486,0.861169152
76,582.486,0.871131136
77,582.486,0.883193088
78,582.486,0.894893056
79,582.486,0.90527616
80,582.486,0.914706176
81,582.486,0.92449408
82,582.486,0.934087168
83,582.486,0.944809216
84,582.486,0.955431168
85,582.486,0.964740096
86,582.486,0.974037248
87,582.486,0.983153152
88,582.486,0.992612096
89,582.486,1.001795072
90,582.486,1.011209216
91,562.322,1.0203712
92,562.322,1.029673216
93,562.322,1.038973184
94,562.322,1.048943104
95,562.322,1.058764032
96,562.322,1.071783168
97,562.322,1.08127616
98,562.322,1.091142144
99,562.322,1.100203008
100,562.322,1.109691136
101,562.322,1.119026176
102,562.322,1.128359168
103,562.322,1.138285056
104,614.189,1.147529216
105,562.322,1.156871168
106,562.393,1.166278144
107,562.322,1.175532032
108,562.322,1.18498304
109,562.322,1.194357248
110,562.322,1.203710208
111,562.322,1.21295104
112,562.322,1.22279424
113,562.322,1.232111104
114,562.322,1.241496064
115,562.322,1.250529024
116,562.322,1.25997312
117,562.322,1.26911104
118,562.322,1.278486016
119,562.322,1.287725056
120,562.322,1.296971008
121,562.322,1.306929152
122,562.322,1.316265216
123,562.322,1.325608192
124,562.322,1.334930176
125,562.322,1.344326144
126,562.322,1.35470208
127,562.322,1.365869056
128,562.322,1.375250176
129,562.322,1.384420096
130,562.322,1.394525184
131,577.917,1.404167168
132,562.322,1.413325056
133,562.322,1.422624256
134,562.322,1.431697152
135,562.322,1.442612224
136,562.322,1.453560064
137,562.322,1.464690176
138,562.322,1.474557184
139,562.322,1.483714048
140,562.322,1.493236224
141,621.657,1.502558208
142,562.322,1.511901184
143,562.322,1.521666048
144,562.322,1.53149824
145,562.322,1.541790208
146,562.322,1.552561152
147,562.322,1.56263808
148,562.322,1.57204224
149,562.322,1.581248
150,399.381,1.590997248
151,399.381,1.600379136
152,399.381,1.609753088
153,399.381,1.618968064
154,399.381,1.6281792
155,399.381,1.638065152
156,399.381,1.647279104
157,399.381,1.656570112
158,399.381,1.665778176
159,399.381,1.674938112
160,399.381,1.684177152
161,399.381,1.69442304
162,399.381,1.703650048
163,399.381,1.713804032
164,399.381,1.723120128
165,399.381,1.732306176
166,399.381,1.741677056
167,399.381,1.750763008
168,399.381,1.76049408
169,399.381,1.772861184
170,399.381,1.782272
171,399.381,1.7921792
172,399.381,1.801344
173,399.381,1.810859008
174,399.381,1.820361216
175,399.381,1.8332032
176,399.381,1.842932224
177,399.381,1.8522112
178,399.381,1.862951168
179,399.381,1.872962048
180,399.381,1.88235008
181,399.381,1.89178112
182,399.381,1.900856064
183,399.381,1.910205184
184,399.381,1.91936512
185,399.381,1.928795136
186,399.381,1.938548224
187,399.381,1.94788224
188,399.381,1.957744128
189,399.381,1.967558144
190,399.381,1.9768192
191,399.381,1.986078208
192,399.164,1.995747072
193,399.164,2.005044224
194,399.164,2.014909184
195,399.164,2.024136192
196,399.164,2.03325312
197,399.164,2.042700032
198,399.164,2.051810048
199,399.164,2.06327808
200,399.164,2.073126144
201,399.164,2.082840064
202,399.164,2.09214208
203,399.164,2.101338112
204,399.164,2.110715136
205,399.164,2.120392192
206,399.164,2.129826048
207,399.164,2.139393024
208,399.164,2.149214208
209,399.164,2.1586432
210,399.164,2.167853056
211,399.164,2.177214208
212,399.164,2.186257152
213,399.164,2.195663104
214,399.164,2.204954112
215,399.164,2.2140992
216,399.164,2.22404224
217,399.164,2.233224192
218,399.164,2.242484224
219,399.164,2.251674112
220,399.164,2.260957184
221,399.164,2.270278144
222,399.164,2.279486208
223,399.164,2.289371136
224,399.164,2.298636032
225,368.133,2.30797312
226,368.133,2.317393152
227,368.133,2.326902016
228,368.133,2.336127232
229,368.133,2.346176
230,368.133,2.355521024
231,368.133,2.364733184
232,368.133,2.374055168
233,395.640,2.383067136
234,382.315,2.392450048
235,368.133,2.401611008
236,368.133,2.411528192
237,368.133,2.423591168
238,368.133,2.433112064
239,368.133,2.4424512
240,368.133,2.451609088
241,368.133,2.461108224
242,368.133,2.470343168
243,400.817,2.48039808
244,368.133,2.490301184
245,368.133,2.502572032
246,368.133,2.511906048
247,368.133,2.521103104
248,420.190,2.530819072
249,368.133,2.54297216
250,368.133,2.552169216
251,368.133,2.564039168
252,368.133,2.575105024
253,368.133,2.584464128
254,368.133,2.594580224
255,368.133,2.604399104
256,368.133,2.61382016
257,368.133,2.623357184
258,386.823,2.634146048
259,368.133,2.643564032
260,368.133,2.652902144
261,368.133,2.662175232
262,368.133,2.672201216
263,368.133,2.681750016
264,368.133,2.692157184
265,368.133,2.702639104
266,368.133,2.712017152
267,368.133,2.72128
268,368.133,2.7310272
269,368.133,2.740506112
270,368.133,2.749818112
271,368.133,2.759203072
272,368.133,2.768397056
273,368.133,2.777522176
274,368.133,2.787367168
275,368.133,2.79675904
276,368.133,2.806032128
277,368.133,2.815261184
278,368.133,2.825149184
279,368.133,2.83452416
280,368.133,2.84455808
281,368.133,2.853830144
282,368.133,2.86322304
283,368.133,2.872712192
284,368.133,2.881782016
285,368.133,2.891440128
286,368.133,2.90186624
287,368.133,2.911180032
288,392.310,2.920537088
289,368.133,2.929772032
290,368.133,2.939791104
291,368.133,2.949302016
292,368.133,2.959265024
293,368.133,2.968569088
294,368.133,2.97796224
295,368.133,2.98719104
296,368.133,2.99922816
297,368.133,3.009886208
298,368.133,3.019746048
299,368.133,3.029274112
300,368.133,3.038522112
301,368.133,3.047741184
302,368.133,3.056908032
303,368.133,3.066110208
304,368.133,3.076619008
305,368.133,3.085736192
306,368.133,3.09510016
307,368.133,3.104290048
308,368.133,3.11347712
309,368.133,3.122849024
310,368.133,3.132547072
311,368.133,3.145279232
312,368.133,3.15458304
313,368.133,3.16392704
314,368.133,3.17316608
315,368.133,3.183012096
316,368.133,3.192482048
317,368.133,3.201634048
318,368.133,3.21156608
319,368.133,3.220802048
320,368.133,3.230119168
321,368.133,3.24018816
322,368.193,3.250429184
323,368.133,3.26042624
324,368.133,3.26973312
325,368.133,3.279116032
326,368.133,3.288383232
327,368.133,3.298756096
328,368.133,3.308333056
329,368.133,3.317437184
330,368.133,3.327764224
331,368.133,3.337114112
332,368.133,3.3459392
333,368.133,3.35371008
334,350.030,3.361657088
335,350.030,3.369479168
336,350.030,3.377492224
337,350.030,3.385808128
338,350.030,3.393749248
339,350.030,3.401659136
340,350.030,3.409553152
341,350.030,3.417229056
342,350.030,3.425108224
343,350.030,3.433329152
344,350.030,3.44135808
345,350.030,3.449056256
346,294.592,3.45686016
347,294.592,3.464717056
348,294.592,3.47294208
349,294.592,3.480634112
350,294.592,3.488561152
351,294.592,3.496400128
352,294.592,3.504463104
353,294.592,3.512762112
354,294.592,3.520544256
355,294.592,3.528504064
356,294.592,3.536259072
357,294.592,3.544066048
358,294.592,3.55255424
359,302.344,3.560300032
360,294.592,3.568122112
361,294.592,3.576585216
362,294.592,3.5843072
363,294.592,3.592726016
364,294.592,3.600377088
365,298.065,3.60810112
366,294.592,3.616176128
367,294.592,3.623926016
368,294.592,3.632164096
369,294.592,3.640067072
370,294.592,3.647723008
371,294.592,3.655825152
372,294.592,3.666651136
373,294.592,3.675605248
374,294.592,3.684440064
375,294.592,3.692472064
376,294.592,3.700268032
377,294.592,3.70813824
378,294.592,3.716241152
379,294.592,3.72452224
380,294.592,3.733791232
381,294.592,3.741540096
382,294.592,3.749393152
383,294.592,3.75777024
384,294.592,3.765553152
385,294.592,3.773374208
386,294.592,3.781014016
387,294.592,3.78872704
388,294.592,3.797074176
389,294.592,3.804772096
390,294.592,3.81247616
391,294.592,3.820194048
392,294.592,3.828786176
393,294.592,3.836671232
394,294.592,3.844434176
395,294.592,3.851988224
396,294.592,3.85983104
397,294.592,3.867937024
398,294.592,3.875762176
399,294.592,3.883480064
400,294.592,3.8913152
401,294.592,3.89898624
402,294.592,3.907371008
403,294.592,3.9153472
404,294.592,3.923174144
405,294.592,3.930845184
406,294.592,3.938508032
407,294.592,3.946407168
408,294.592,3.954244096
409,294.592,3.962573056
410,294.592,3.97041408
411,294.592,3.978179072
412,323.519,3.985748224
413,294.592,3.99371008
414,294.592,4.001330176
415,294.592,4.009622016
416,294.592,4.017414144
417,294.592,4.025323008
418,294.592,4.033159168
419,294.592,4.0410752
420,294.592,4.048679168
421,294.592,4.057140224
422,294.592,4.067413248
423,294.592,4.07541504
424,294.592,4.085127168
425,294.592,4.094173184
426,294.592,4.101767168
427,294.592,4.109686016
428,294.592,4.117868032
429,294.592,4.125689088
430,294.592,4.133352192
431,294.592,4.141049088
432,294.592,4.14864512
433,294.592,4.156788224
434,294.592,4.165686016
435,258.565,4.174212096
436,258.565,4.182005248
437,258.565,4.189955072
438,258.565,4.19763712
439,258.565,4.20535808
440,258.565,4.213074176
441,258.565,4.221472256
442,258.565,4.2291712
443,258.565,4.236822016
444,258.667,4.244461056
445,258.565,4.25195904
446,258.565,4.259744256
447,258.565,4.267762176
448,258.565,4.275499008
449,258.565,4.283226112
450,258.565,4.290985216
451,258.565,4.298594048
452,258.565,4.30644224
453,258.565,4.314568192
454,258.565,4.322275072
455,258.565,4.33009024
456,258.565,4.33790208
457,258.565,4.345571072
458,298.959,4.353289216
459,258.565,4.361613056
460,258.565,4.369272064
461,258.565,4.377104128
462,258.565,4.384688128
463,258.565,4.392516096
464,258.565,4.4002112
465,258.565,4.408491008
466,258.565,4.416255232
467,258.565,4.424344064
468,258.565,4.43198208
469,221.216,4.440144128
470,221.216,4.44974208
471,221.216,4.458491136
472,221.216,4.466138112
473,221.216,4.473903104
474,207.870,4.481569024
475,207.870,4.489405184
476,207.870,4.497158144
477,207.870,4.50557312
478,207.870,4.515884032
479,207.870,4.524606208
480,207.870,4.532365056
481,207.870,4.540144128
482,207.870,4.547706112
483,207.870,4.55615104
484,207.870,4.56391424
485,207.870,4.571665152
486,207.870,4.579384064
487,207.870,4.58711424
488,207.870,4.595209216
489,207.870,4.602934016
490,207.870,4.610723072
491,207.870,4.618316032
492,207.870,4.62626304
493,207.870,4.633840128
494,207.870,4.642166016
495,207.870,4.650338048
496,207.870,4.658573056
497,207.870,4.666324224
498,207.870,4.674077184
499,207.870,4.681650176
500,207.870,4.69010816
501,207.870,4.697986048
502,207.870,4.70567808
503,207.870,4.713424128
504,207.870,4.721108224
505,207.870,4.729455104
506,207.870,4.73711616
507,234.102,4.744774144
508,207.870,4.7524352
509,207.870,4.762363136
510,207.870,4.770733056
511,207.870,4.778662144
512,207.870,4.786159104
513,207.870,4.794145024
514,207.870,4.801675008
515,207.870,4.809371136
516,207.870,4.817617152
517,207.870,4.825387008
518,207.870,4.833896192
519,207.870,4.841953024
520,207.870,4.849584128
521,207.870,4.8584192
522,207.870,4.86609408
523,207.870,4.873981184
524,207.870,4.882156032
525,207.870,4.890176
526,207.870,4.898712064
527,207.870,4.906402048
528,207.870,4.916542208
529,207.870,4.924762112
530,207.870,4.932384256
531,207.870,4.940656128
532,207.870,4.948265216
533,207.870,4.956109056
534,207.870,4.963837184
535,207.870,4.971554048
536,207.870,4.983471104
537,207.870,4.991686144
538,207.870,4.999369216
539,207.870,5.00706304
540,207.870,5.01477504
541,207.870,5.023098112
542,207.870,5.031299072
543,207.870,5.04275712
544,207.870,5.050942208
545,207.870,5.058950144
546,207.870,5.067349248
547,207.870,5.07517312
548,207.870,5.083035136
549,207.870,5.091070208
550,207.870,5.098690048
551,207.870,5.10716416
552,207.870,5.114982144
553,207.870,5.122942208
554,207.870,5.130761216
555,207.870,5.138671104
556,207.870,5.14731008
557,207.870,5.155011072
558,207.870,5.16270208
559,207.870,5.170320128
560,207.870,5.17812608
561,207.870,5.186708224
562,207.870,5.194678016
563,207.870,5.202493184
564,207.870,5.210333184
565,207.870,5.218572032
566,207.870,5.226518016
567,207.870,5.234217216
568,207.870,5.242119168
569,207.870,5.249831168
570,207.870,5.258232064
571,207.870,5.265888256
572,207.870,5.2736
573,207.870,5.281312256
574,207.870,5.289076224
575,207.870,5.297526016
576,207.870,5.305888256
577,207.870,5.314241024
578,207.870,5.322164224
579,207.870,5.33059712
580,207.870,5.33836416
581,207.870,5.347947008
582,207.870,5.356332032
583,207.870,5.36406016
584,207.870,5.371777024
585,207.870,5.379720192
586,207.870,5.388118016
587,207.870,5.39579904
588,207.870,5.403748096
589,207.870,5.412175104
590,340.800,5.41985408
591,207.870,5.428131072
592,207.870,5.436642048
593,207.870,5.444649216
594,207.870,5.452556032
595,207.870,5.460466176
596,207.870,5.46867712
597,207.870,5.476464128
598,207.870,5.48421504
599,207.870,5.49196416
600,207.870,5.499483136
601,207.870,5.507316224
602,207.870,5.516793088
603,207.870,5.525167104
604,207.870,5.532914176
605,207.870,5.540884224
606,207.870,5.548976128
607,207.686,5.55736704
608,207.686,5.565236224
609,207.686,5.5732672
610,207.686,5.581513216
611,207.686,5.589892096
612,207.686,5.598362112
613,207.686,5.606805248
614,207.686,5.614767104
615,207.686,5.622488064
616,207.686,5.630413056
617,207.686,5.638868224
618,207.686,5.646773248
619,207.686,5.65458816
620,207.686,5.664847104
621,207.686,5.673286144
622,194.406,5.680934144
623,194.406,5.688706048
624,194.406,5.696419072
625,194.406,5.704009216
626,194.406,5.712283136
627,194.406,5.719916032
628,194.406,5.727983104
629,194.406,5.735702016
630,194.406,5.743725056
631,194.406,5.752056064
632,194.406,5.759896064
633,194.406,5.76758912
634,194.406,5.775519232
635,194.406,5.783116032
636,194.406,5.791714048
637,194.406,5.799499008
638,194.406,5.807257088
639,194.406,5.814984192
640,194.406,5.823227136
641,194.406,5.83253504
642,194.406,5.840783104
643,184.749,5.848497152
644,184.749,5.85663104
645,184.749,5.865209088
646,131.054,5.873345024
647,131.054,5.881058048
648,131.054,5.88874112
649,131.054,5.8971392
650,131.054,5.90491904
651,131.054,5.91265408
652,131.054,5.920402176
653,131.054,5.92864
654,131.054,5.936213248
655,131.054,5.944167168
656,131.054,5.951760128
657,131.054,5.95961216
658,131.054,5.967436032
659,131.054,5.975838208
660,131.054,5.9837952
661,131.054,5.992512
662,131.054,6.001513216
663,131.054,6.0109632
664,131.054,6.019628032
665,131.054,6.027937024
666,131.054,6.035825152
667,131.054,6.043696128
668,131.054,6.05143808
669,131.054,6.059499008
670,131.054,6.067235072
671,131.054,6.07561216
672,131.054,6.083533056
673,131.054,6.091478016
674,131.054,6.099204096
675,131.054,6.107162112
676,131.054,6.115073024
677,131.054,6.123335168
678,131.054,6.131019008
679,131.054,6.138718208
680,131.054,6.14648704
681,131.054,6.15431808
682,131.054,6.162436096
683,131.054,6.170820096
684,131.054,6.178567168
685,131.054,6.18630912
686,131.054,6.194682112
687,131.054,6.20225024
688,131.054,6.210379008
689,131.054,6.21794304
690,131.054,6.226137088
691,131.054,6.23387904
692,131.054,6.243655168
693,131.054,6.252994048
694,131.054,6.2608
695,131.054,6.26911616
696,131.054,6.276865024
697,131.054,6.28444416
698,131.054,6.292342016
699,131.054,6.299911168
700,131.054,6.307596032
701,131.054,6.316289024
702,131.054,6.324064256
703,131.054,6.331884032
704,131.054,6.339705088
705,131.054,6.347327232
706,131.164,6.355286016
707,131.054,6.363436032
708,131.054,6.371128064
709,94.303,6.378915072
710,94.303,6.38644224
711,94.303,6.396629248
712,94.303,6.405136128
713,94.303,6.413426176
714,96.493,6.42166016
715,92.622,6.429941248
716,92.622,6.437604096
717,92.622,6.445288192
718,92.622,6.452877056
719,92.622,6.462042112
720,92.622,6.470248192
721,92.622,6.478081024
722,92.622,6.485713152
723,84.101,6.49364224
724,84.101,6.501657088
725,84.101,6.509521152
726,84.101,6.517557248
727,84.101,6.52544
728,84.101,6.53306112
729,84.101,6.540908032
730,84.101,6.549147136
731,84.101,6.558324224
732,84.101,6.567216128
733,84.101,6.575320064
734,84.101,6.585694208
735,84.101,6.594230016
736,84.101,6.601873152
737,84.101,6.609679104
738,84.101,6.619363072
739,84.101,6.627220224
740,84.101,6.634968064
741,84.101,6.643295232
742,84.101,6.6509952
743,84.101,6.658883072
744,84.101,6.666622208
745,84.101,6.675115008
746,84.101,6.683171072
747,84.101,6.691055104
748,84.101,6.698809088
749,84.101,6.70644608
750,84.101,6.713963008
751,84.101,6.722406144
752,84.101,6.73010304
753,84.101,6.737883136
754,84.101,6.746663168
755,84.101,6.75432704
756,84.101,6.762796032
757,84.101,6.77058304
758,84.101,6.778485248
759,84.101,6.786168064
760,84.101,6.7940672
761,84.101,6.80184704
762,84.101,6.810249216
763,84.101,6.817969152
764,84.101,6.825823232
765,84.101,6.8334272
766,84.101,6.841311232
767,84.101,6.8496512
768,84.101,6.85849216
769,84.101,6.866456064
770,84.101,6.874230016
771,84.101,6.882073088
772,84.101,6.890578176
773,84.101,6.89864704
774,84.101,6.906432
775,84.101,6.914055168
776,84.101,6.921707008
777,84.101,6.93026304
778,84.101,6.938115072
779,84.101,6.945842176
780,84.101,6.953580032
781,84.101,6.962134016
782,84.101,6.969773056
783,84.101,6.977631232
784,84.101,6.985379072
785,84.101,6.99335808
786,84.101,7.00135424
787,84.101,7.0092352
788,84.101,7.017131008
789,84.101,7.024964096
790,84.101,7.032989184
791,84.101,7.041705216
792,84.101,7.04950912
793,84.101,7.058306048
794,84.101,7.065862144
795,84.101,7.073575168
796,84.101,7.081781248
797,84.101,7.089618176
798,84.101,7.097224192
799,84.101,7.105325056
800,84.101,7.114020096
801,84.101,7.121985024
802,84.101,7.129923072
803,84.101,7.137653248
804,84.101,7.146918144
805,84.101,7.156519168
806,84.101,7.164868096
807,84.101,7.172672
808,84.101,7.180587008
809,84.101,7.188625152
810,84.101,7.197046016
811,84.101,7.205272064
812,84.101,7.213073152
813,84.101,7.220875008
814,84.101,7.22858624
815,84.101,7.236191232
816,84.101,7.245141248
817,84.101,7.252847104
818,84.101,7.26127616
819,84.101,7.269051136
820,84.101,7.276884224
821,84.101,7.284689152
822,84.101,7.294166016
823,84.101,7.302152192
824,84.101,7.310045184
825,61.764,7.31775616
826,61.764,7.325656064
827,61.764,7.333836032
828,61.764,7.341686016
829,61.764,7.349641216
830,61.764,7.357560064
831,61.764,7.365913088
832,61.764,7.374060032
833,61.764,7.381652224
834,61.764,7.39073024
835,61.764,7.400123136
836,61.764,7.407937024
837,61.764,7.416210176
838,61.764,7.42424704
839,61.764,7.431979008
840,61.764,7.439862016
841,61.764,7.447600128
842,61.764,7.45586816
843,61.764,7.463678208
844,61.764,7.4714752
845,61.764,7.479220224
846,61.764,7.486900224
847,61.764,7.495241216
848,61.764,7.502985216
849,61.764,7.510801152
850,61.764,7.518344192
851,61.764,7.526000128
852,61.764,7.534420224
853,61.764,7.542243072
854,61.764,7.550020096
855,78.197,7.558911232
856,61.764,7.56714112
857,85.797,7.575350016
858,61.764,7.583753216
859,61.764,7.591661056
860,61.764,7.59960704
861,61.764,7.608738048
862,61.764,7.617498112
863,61.764,7.625801216
864,61.764,7.633471232
865,61.764,7.641126144
866,64.083,7.6493632
867,61.764,7.658996224
868,61.764,7.6684992
869,61.764,7.676414208
870,61.764,7.684569088
871,61.764,7.69230208
872,61.764,7.700249088
873,61.764,7.708680192
874,61.764,7.716365056
875,61.764,7.7248512
876,61.764,7.73255424
877,61.764,7.740442112
878,61.764,7.748698112
879,68.479,7.756918016
880,61.764,7.764600064
881,61.764,7.772429056
882,61.764,7.78008704
883,61.764,7.78771712
884,61.764,7.796107008
885,61.764,7.80463616
886,61.764,7.812456192
887,61.764,7.820039168
888,61.764,7.827727104
889,61.764,7.835483136
890,61.764,7.843913216
891,61.764,7.851581184
892,61.764,7.859460096
893,61.764,7.867070208
894,61.764,7.874850048
895,61.764,7.883166208
896,61.764,7.890891008
897,61.764,7.898553088
898,61.764,7.906461184
899,61.764,7.91404416
900,61.764,7.922344192
901,61.764,7.93007104
902,61.764,7.93764608
903,61.764,7.94538624
904,61.764,7.953238016
905,61.764,7.9614272
906,41.529,7.969069056
907,83.157,7.97676416
908,41.529,7.984224256
909,41.529,7.991956224
910,41.529,7.999958016
911,41.529,8.00768
912,41.529,8.01547008
913,41.529,8.023282176
914,41.529,8.030866176
915,41.529,8.039126016
916,41.529,8.046797056
917,41.529,8.054793216
918,41.529,8.062699008
919,41.529,8.070232064
920,41.529,8.078594048
921,66.857,8.086351104
922,41.529,8.09434624
923,41.529,8.101949184
924,41.529,8.109755136
925,41.529,8.117789184
926,41.529,8.126210048
927,41.529,8.133800192
928,41.529,8.14151424
929,41.529,8.14979712
930,41.529,8.157563136
931,41.529,8.165236224
932,41.529,8.173466112
933,41.529,8.181704192
934,41.529,8.19002624
935,41.529,8.197624064
936,41.529,8.205202176
937,41.529,8.215515136
938,41.529,8.223547136
939,41.529,8.23186816
940,41.529,8.239553024
941,41.529,8.247189248
942,41.529,8.254892032
943,41.529,8.263167232
944,41.529,8.270819072
945,41.529,8.278610176
946,39.101,8.286197248
947,39.101,8.294622208
948,39.101,8.302950144
949,39.101,8.31083008
950,39.101,8.318461184
951,39.101,8.326182144
952,39.101,8.334431232
953,39.101,8.342311168
954,39.101,8.350137088
955,39.101,8.358109184
956,51.105,8.36619904
957,39.101,8.3744
958,39.101,8.382197248
959,39.101,8.390017024
960,39.101,8.39768704
961,39.101,8.405983232
962,39.101,8.413778176
963,39.101,8.421795072
964,39.101,8.430342144
965,39.101,8.43886208
966,39.101,8.446516224
967,39.101,8.454022144
968,39.101,8.462297088
969,39.101,8.470045184
970,39.101,8.47845504
971,39.101,8.486303232
972,39.101,8.494125056
973,39.101,8.501860096
974,39.101,8.509940224
975,54.039,8.518170112
976,39.101,8.526133248
977,39.101,8.533830144
978,39.101,8.541585152
979,39.101,8.549406208
980,39.101,8.557940224
981,39.101,8.565961216
982,39.101,8.573895168
983,39.101,8.581629184
984,39.101,8.589529088
985,39.101,8.599805184
986,39.101,8.607844096
987,39.101,8.615496192
988,39.101,8.62503808
989,39.101,8.632964096
990,49.766,8.641254144
991,39.101,8.64912512
992,39.101,8.656879104
993,39.101,8.664816128
994,39.101,8.67631616
995,39.101,8.685097216
996,36.064,8.692991232
997,36.064,8.700788224
998,36.064,8.70857216
999,36.064,8.716173056
1000,36.064,8.724705024
1001,36.064,8.732497152
1002,36.728,8.740257024
1003,80.501,8.747907072
1004,36.064,8.756424192
1005,36.064,8.764167168
1006,36.064,8.772546048
1007,36.064,8.780117248
1008,36.064,8.787824128
1009,36.064,8.795951104
1010,36.064,8.803579136
1011,36.064,8.811622144
1012,36.064,8.819276032
1013,28.910,8.827085056
1014,28.910,8.83555712
1015,28.910,8.84337024
1016,28.910,8.851139072
1017,28.910,8.85962624
1018,28.910,8.867727104
1019,28.910,8.875565056
1020,28.910,8.883929088
1021,28.910,8.891729152
1022,28.910,8.89947904
1023,28.910,8.907705088
1024,28.910,8.915441152
1025,28.910,8.923152128
1026,28.910,8.930705152
1027,28.910,8.9391232
1028,28.910,8.946654208
1029,28.910,8.95428224
1030,28.910,8.962038016
1031,28.910,8.970156032
1032,28.910,8.979229184
1033,28.910,8.986914048
1034,28.910,8.994520064
1035,28.910,9.002114048
1036,28.910,9.010335232
1037,28.910,9.017857024
1038,28.910,9.02567424
1039,28.910,9.03316224
1040,28.910,9.04109824
1041,28.910,9.049473024
1042,28.910,9.057150208
1043,27.980,9.06473216
1044,27.980,9.072507136
1045,27.980,9.080149248
1046,27.980,9.087756032
1047,27.980,9.096158208
1048,27.980,9.103809024
1049,27.980,9.1134272
1050,27.980,9.12230016
1051,27.980,9.130413056
1052,27.980,9.138906112
1053,27.980,9.146654208
1054,26.539,9.154865152
1055,26.539,9.163097088
1056,26.539,9.17138304
1057,26.539,9.179124224
1058,26.539,9.186797056
1059,26.539,9.196596224
1060,26.539,9.204390144
1061,26.539,9.212666112
1062,26.539,9.22020608
1063,26.539,9.228000256
1064,26.539,9.235616256
1065,26.539,9.243277056
1066,26.539,9.251556096
1067,26.539,9.259532032
1068,26.539,9.267157248
1069,26.539,9.27499008
1070,26.539,9.283041024
1071,26.539,9.291686144
1072,26.539,9.299372032
1073,26.539,9.30706816
1074,26.539,9.314676224
1075,26.539,9.323023104
1076,26.539,9.330763008
1077,26.539,9.33852416
1078,26.539,9.346276096
1079,26.539,9.353793024
1080,26.539,9.361572096
1081,26.539,9.369726208
1082,26.539,9.37757312
1083,26.539,9.386304
1084,26.539,9.395870208
1085,26.539,9.40353024
1086,26.539,9.411180032
1087,26.539,9.419172096
1088,26.539,9.427108096
1089,26.539,9.434639104
1090,26.539,9.442360064
1091,26.539,9.450129152
1092,26.539,9.458367232
1093,26.539,9.466096128
1094,26.539,9.474130176
1095,26.539,9.482353152
1096,26.539,9.49022208
1097,26.539,9.498461184
1098,26.539,9.506470144
1099,26.539,9.51420416
1100,26.539,9.521851136
1101,26.539,9.529501184
1102,26.539,9.537261056
1103,26.539,9.545513216
1104,26.539,9.553169152
1105,26.539,9.560968192
1106,26.539,9.568500224
1107,26.539,9.576355072
1108,26.539,9.584929024
1109,26.539,9.592865024
1110,26.539,9.600609024
1111,26.539,9.608359168
1112,26.539,9.61595008
1113,26.539,9.624447232
1114,26.539,9.632158208
1115,26.539,9.640509184
1116,26.539,9.648246016
1117,26.539,9.655971072
1118,26.539,9.66425216
1119,26.539,9.671998208
1120,26.539,9.679610112
1121,26.539,9.687305216
1122,26.539,9.695061248
1123,26.539,9.703152128
1124,26.539,9.711056128
1125,26.539,9.718683136
1126,26.539,9.726491136
1127,26.539,9.734240256
1128,20.777,9.742928128
1129,21.557,9.750847232
1130,20.777,9.758788096
1131,20.777,9.76641024
1132,20.777,9.774247168
1133,20.777,9.78251008
1134,20.777,9.790399232
1135,22.442,9.79821824
1136,20.777,9.806549248
1137,20.777,9.814496256
1138,20.777,9.822792192
1139,20.777,9.830691072
1140,20.777,9.838768128
1141,24.152,9.846456064
1142,20.777,9.85412224
1143,20.777,9.862694144
1144,20.777,9.870342144
1145,20.777,9.878278144
1146,20.777,9.886043136
1147,26.949,9.89423104
1148,20.777,9.902639104
1149,20.777,9.910662144
1150,20.777,9.918344192
1151,20.777,9.92621824
1152,20.777,9.934324224
1153,20.777,9.94225024
1154,20.777,9.949915136
1155,20.777,9.95791616
1156,20.777,9.965650176
1157,20.777,9.97405312
1158,20.777,9.981763072
1159,20.777,9.989572096
1160,20.777,9.997361152
1161,20.777,10.005037056
1162,20.777,10.013304064
1163,20.777,10.02106112
1164,20.777,10.028803072
1165,20.777,10.036779008
1166,20.777,10.044464128
1167,20.777,10.05215104
1168,20.777,10.06071424
1169,20.777,10.06831616
1170,19.808,10.076194048
1171,19.808,10.08379008
1172,19.808,10.09162624
1173,19.808,10.10001024
1174,19.808,10.107866112
1175,19.808,10.115613184
1176,19.808,10.12352
1177,19.808,10.131220224
1178,19.808,10.13967104
1179,19.808,10.147489024
1180,19.808,10.155093248
1181,19.808,10.162911232
1182,19.808,10.1706112
1183,19.808,10.178801152
1184,19.808,10.186514176
1185,19.808,10.194360064
1186,19.808,10.2020672
1187,19.808,10.211284224
1188,19.808,10.221265152
1189,19.808,10.229631232
1190,19.808,10.237300224
1191,19.808,10.24506624
1192,19.808,10.252598016
1193,19.808,10.260350208
1194,19.808,10.268725248
1195,19.808,10.277904128
1196,19.808,10.2864832
1197,19.808,10.294921216
1198,19.808,10.303209216
1199,19.808,10.31156224
1200,19.808,10.31922816
1201,19.808,10.327073024
1202,19.808,10.334642176
1203,11.894,10.342427136
1204,11.894,10.350736128
1205,11.894,10.358479104
1206,11.894,10.366463232
1207,11.104,10.374402048
1208,11.104,10.382754048
1209,11.104,10.391049216
1210,12.802,10.39920512
1211,11.104,10.407257088
1212,11.104,10.414857216
1213,11.104,10.423433216
1214,11.104,10.431389184
1215,11.104,10.439229184
1216,11.104,10.447628032
1217,11.104,10.455816192
1218,11.104,10.464601088
1219,11.104,10.472428032
1220,11.104,10.480235008
1221,11.104,10.488013056
1222,11.104,10.495885056
1223,11.104,10.50414208
1224,11.104,10.512152064
1225,11.104,10.519660032
1226,11.104,10.52832512
1227,11.104,10.536647168
1228,11.104,10.544464128
1229,11.104,10.552265216
1230,11.104,10.560162048
1231,11.104,10.567906048
1232,11.104,10.57591424
1233,11.104,10.584241152
1234,11.104,10.592198144
1235,11.104,10.600008192
1236,11.104,10.607985152
1237,11.104,10.615869184
1238,11.104,10.62359808
1239,11.104,10.631935232
1240,11.104,10.639976192
1241,11.104,10.64928
1242,11.104,10.65729024
1243,11.104,10.664955136
1244,11.104,10.672785152
1245,11.104,10.680568064
1246,11.104,10.688929024
1247,9.176,10.696761088
1248,9.176,10.704437248
1249,9.176,10.71249408
1250,6.711,10.72010112
1251,6.711,10.727960064
1252,6.711,10.736073216
1253,6.711,10.744081152
1254,6.711,10.751668224
1255,6.711,10.759537152
1256,6.711,10.7699712
1257,6.711,10.77795712
1258,6.711,10.785657088
1259,6.711,10.793960192
1260,6.711,10.80167808
1261,6.711,10.809667072
1262,6.711,10.817309184
1263,6.711,10.825561088
1264,6.711,10.833327104
1265,6.711,10.84198016
1266,6.711,10.85095424
1267,6.711,10.858708224
1268,6.711,10.866418176
1269,6.711,10.874041088
1270,6.711,10.88165504
1271,6.711,10.89019008
1272,6.711,10.898411008
1273,6.711,10.906655232
1274,6.711,10.914529024
1275,6.711,10.922347008
1276,6.711,10.930079232
1277,6.711,10.938273024
1278,6.711,10.946164224
1279,6.711,10.954025216
1280,6.711,10.96173824
1281,6.711,10.969366016
1282,6.711,10.977237248
1283,6.711,10.985415168
1284,6.711,10.993351168
1285,6.711,11.00107904
1286,6.711,11.008841216
1287,6.711,11.017201152
1288,6.711,11.024932096
1289,6.711,11.03337216
1290,6.711,11.041183232
1291,6.711,11.048995072
1292,6.711,11.056804096
1293,6.711,11.065759232
1294,6.711,11.073712128
1295,6.711,11.08195712
1296,3.080,11.089658112
1297,3.080,11.097540096
1298,3.080,11.105231104
1299,3.080,11.112899072
1300,3.080,11.120571136
1301,3.080,11.1290112
1302,3.080,11.136647168
1303,3.080,11.146983168
1304,3.080,11.155711232
1305,3.080,11.163564032
1306,3.080,11.17121024
1307,3.080,11.180379136
1308,3.080,11.188127232
1309,3.080,11.197324032
1310,3.080,11.205177088
1311,3.080,11.212795136
1312,3.080,11.220564224
1313,3.080,11.228729088
1314,3.080,11.236454144
1315,3.080,11.244283136
1316,3.080,11.251921152
1317,3.080,11.259748096
1318,3.080,11.26746112
1319,3.080,11.275797248
1320,3.080,11.284294144
1321,3.080,11.293437184
1322,3.080,11.301141248
1323,3.080,11.30886016
1324,3.080,11.317044224
1325,3.080,11.325071104
1326,3.080,11.332931072
1327,3.080,11.34084224
1328,3.080,11.348713216
1329,2.986,11.356475136
1330,2.986,11.3649792
1331,2.986,11.37435008
1332,2.986,11.382086144
1333,2.986,11.389792256
1334,2.749,11.397421056
1335,0.798,11.40584704
1336,0.798,11.413452032
1337,0.798,11.421019136
1338,0.798,11.429707008
1339,0.798,11.437387008
1340,0.798,11.445113088
1341,0.798,11.453475072
1342,0.798,11.461401088
1343,0.798,11.469184
1344,0.798,11.47692416
1345,0.798,11.484512256
1346,0.798,11.492921088
1347,0.798,11.500600064
1348,0.798,11.508466176
1349,0.798,11.5164032
1350,0.542,11.524264192
1351,0.542,11.532570112
1352,0.542,11.540514048
1353,0.542,11.548219136
1354,0.542,11.5561152
1355,0.542,11.563888128
1356,0.542,11.572071168
1357,0.542,11.580577024
1358,0.542,11.58831616
1359,0.542,11.59640704
1360,0.542,11.604111104
1361,0.542,11.611793152
1362,0.542,11.619867136
1363,0.542,11.627738112
1364,0.542,11.635787008
1365,0.542,11.643780096
1366,0.542,11.651410176
1367,0.542,11.65981312
1368,0.627,11.671373056
1369,0.542,11.679334144
1370,0.542,11.686900224
1371,0.542,11.694763008
1372,0.542,11.703161088
1373,0.542,11.710974208
1374,0.542,11.718735104
1375,0.542,11.726633216
1376,0.542,11.734284032
1377,0.542,11.742856192
1378,0.542,11.75059712
1379,0.542,11.758348032
1380,0.542,11.766146048
1381,0.542,11.774433024
1382,0.542,11.782192128
1383,0.542,11.789978112
1384,0.542,11.797780224
1385,0.542,11.805612032
1386,0.542,11.814060032
1387,0.542,11.821944064
1388,0.542,11.830004224
1389,0.542,11.838008064
1390,0.542,11.846043136
1391,0.542,11.85474816
1392,0.542,11.86256512
1393,0.542,11.870348032
1394,0.542,11.878151168
1395,0.542,11.88637312
1396,0.542,11.894553088
1397,0.542,11.902729216
1398,0.542,11.911382016
1399,0.542,11.919015168
1400,0.542,11.927474176
1401,0.542,11.935232
1402,0.542,11.94310016
1403,0.542,11.951006208
1404,0.542,11.9592512
1405,0.542,11.967769088
1406,0.542,11.975743232
1407,0.542,11.983442176
1408,0.542,11.991265024
1409,0.542,11.999559168
1410,0.542,12.007514112
1411,0.542,12.016836096
1412,0.542,12.026968064
1413,0.542,12.035239168
1414,0.542,12.04320512
1415,0.542,12.051124224
1416,0.542,12.059014144
1417,0.542,12.066815232
1418,0.542,12.075294208
1419,0.542,12.082980096
1420,0.542,12.09090816
1421,0.542,12.098585088
1422,0.542,12.10634624
1423,0.542,12.114700032
1424,0.542,12.122497024
1425,0.542,12.130228224
1426,0.542,12.137946112
1427,0.542,12.145804032
1428,0.542,12.15435008
1429,0.542,12.16310016
1430,0.542,12.17083008
1431,0.542,12.1791232
1432,0.542,12.187314176
1433,0.542,12.195901184
1434,0.542,12.204123136
1435,0.542,12.212153088
1436,0.542,12.219838208
1437,0.542,12.227649024
1438,0.542,12.236013056
1439,0.542,12.244208128
1440,0.542,12.252213248
1441,0.542,12.260245248
1442,0.542,12.267871232
1443,0.542,12.276199168
1444,0.542,12.283851008
1445,0.338,12.291561216

Error results for SA
---------------------------
0,388.874,0.008807936
1,388.874,0.016854016
2,388.874,0.025213952
3,388.874,0.03352704
4,388.874,0.042796032
5,388.874,0.052332032
6,388.874,0.061746944
7,388.874,0.07085312
8,388.874,0.078963968
9,388.874,0.087996928
10,388.874,0.096067072
11,388.874,0.10382208
12,388.874,0.111574016
13,388.874,0.119395072
14,388.874,0.127563008
15,388.874,0.135267072
16,388.874,0.143578112
17,379.590,0.151512064
18,379.590,0.159610112
19,379.590,0.167817984
20,379.590,0.175706112
21,379.590,0.183422976
22,379.590,0.191211008
23,379.590,0.199715072
24,379.590,0.207675136
25,379.590,0.215458048
26,379.590,0.22338304
27,379.590,0.231565056
28,379.590,0.23939712
29,379.590,0.247254016
30,379.590,0.255094016
31,379.590,0.262827008
32,379.590,0.271497984
33,379.590,0.279233024
34,379.590,0.287096064
35,379.013,0.294875136
36,379.013,0.303369984
37,379.013,0.311197952
38,379.013,0.318867968
39,379.013,0.328208128
40,379.013,0.336397056
41,379.013,0.344722944
42,379.013,0.352627968
43,379.013,0.360345088
44,379.013,0.369054976
45,379.013,0.376867072
46,379.013,0.385124096
47,379.013,0.393073152
48,379.013,0.400793088
49,379.013,0.409478144
50,379.554,0.417072128
51,379.554,0.425588992
52,379.554,0.433287936
53,379.554,0.441088
54,379.554,0.44879104
55,379.554,0.456943104
56,379.554,0.465122048
57,379.554,0.47318912
58,379.554,0.480884992
59,379.554,0.488723968
60,379.554,0.49659008
61,379.554,0.504879104
62,379.554,0.513976064
63,379.554,0.521947136
64,379.554,0.529716992
65,379.554,0.537850112
66,379.554,0.546174976
67,379.554,0.55406592
68,379.554,0.56188416
69,379.554,0.569708032
70,379.554,0.57759104
71,379.554,0.585856
72,379.554,0.593632
73,379.554,0.601383168
74,379.554,0.609116928
75,379.554,0.61691904
76,379.554,0.625432064
77,379.554,0.633222144
78,379.554,0.641228032
79,379.554,0.648859136
80,379.554,0.657219072
81,379.554,0.665080064
82,379.554,0.672930048
83,379.554,0.680577024
84,358.073,0.68852096
85,358.073,0.696553984
86,358.073,0.704254976
87,358.073,0.713799168
88,358.073,0.72178304
89,362.903,0.730068992
90,362.903,0.737841152
91,362.903,0.745981952
92,362.903,0.75455104
93,362.903,0.762637056
94,362.903,0.770994176
95,362.903,0.778831104
96,362.903,0.786732032
97,362.903,0.794564096
98,362.903,0.806253056
99,362.903,0.814552064
100,362.903,0.822460928
101,386.639,0.830343168
102,386.639,0.838356992
103,386.639,0.846659072
104,392.152,0.855666944
105,392.152,0.863634944
106,454.030,0.871678976
107,454.030,0.879794944
108,454.030,0.887503104
109,454.030,0.895581952
110,454.030,0.903290112
111,454.030,0.911043072
112,454.030,0.918707968
113,454.030,0.92653696
114,454.030,0.934607104
115,454.030,0.942585088
116,454.030,0.950209024
117,454.030,0.958140928
118,454.030,0.966343936
119,454.030,0.974758144
120,454.030,0.984585984
121,454.030,0.993213952
122,454.030,1.000953088
123,454.030,1.008761088
124,454.030,1.016836096
125,454.030,1.024868096
126,454.030,1.032449024
127,454.030,1.040221952
128,454.030,1.048039168
129,454.030,1.056348928
130,454.030,1.064051968
131,454.030,1.07197696
132,459.624,1.079719936
133,459.624,1.08747008
134,459.624,1.095776
135,459.624,1.103602176
136,459.624,1.112673024
137,459.624,1.12324096
138,459.624,1.131847168
139,459.624,1.139668992
140,459.624,1.14734208
141,459.624,1.155142144
142,459.624,1.162843136
143,459.624,1.171152128
144,459.624,1.17881216
145,459.624,1.186787072
146,459.624,1.195276032
147,459.624,1.203017984
148,459.624,1.211459072
149,459.624,1.219078144
150,459.624,1.226782976
151,459.624,1.234459136
152,459.624,1.243201024
153,554.806,1.251024128
154,554.806,1.258884096
155,666.578,1.266523136
156,666.578,1.274561024
157,666.578,1.282849024
158,666.578,1.290840064
159,666.578,1.298572032
160,666.578,1.30640512
161,666.578,1.314808064
162,666.578,1.322708992
163,666.578,1.330349056
164,666.578,1.338221056
165,666.578,1.345836032
166,676.408,1.354294016
167,676.408,1.363376128
168,676.408,1.37122304
169,676.408,1.381270016
170,676.408,1.390066176
171,676.408,1.39786112
172,676.408,1.405757952
173,676.408,1.413633024
174,676.408,1.42198912
175,676.408,1.429773056
176,676.408,1.437584128
177,676.408,1.445296128
178,680.823,1.453292032
179,680.823,1.461665024
180,680.823,1.469405952
181,680.823,1.479915008
182,680.823,1.488306944
183,680.823,1.496131072
184,680.823,1.503954944
185,680.823,1.511908096
186,680.823,1.52098816
187,672.625,1.529172992
188,672.625,1.53725312
189,672.625,1.545154048
190,672.625,1.552852992
191,672.625,1.560611072
192,672.625,1.568684032
193,672.625,1.576665088
194,672.625,1.58470016
195,672.625,1.592525056
196,672.625,1.600397056
197,672.625,1.608096
198,672.625,1.616387072
199,672.625,1.62423808
200,672.625,1.632004096
201,672.625,1.639916032
202,672.625,1.647588096
203,672.625,1.655407104
204,672.625,1.66377216
205,672.625,1.67163008
206,706.239,1.679483136
207,706.239,1.688393984
208,706.239,1.696105984
209,706.239,1.70395904
210,706.239,1.712178176
211,706.239,1.720169984
212,706.239,1.727936
213,706.239,1.735617024
214,706.239,1.743389952
215,706.239,1.751249152
216,706.239,1.759549952
217,706.239,1.767454976
218,706.239,1.775268096
219,706.239,1.782946048
220,706.239,1.790928128
221,706.239,1.79859712
222,706.239,1.806974976
223,706.239,1.814770176
224,706.239,1.822614016
225,706.239,1.830375936
226,706.239,1.838718976
227,706.239,1.847587072
228,706.239,1.855518976
229,764.901,1.86317312
230,764.901,1.871087104
231,764.901,1.879981056
232,764.901,1.88989696
233,764.901,1.898067968
234,764.901,1.906121984
235,764.901,1.913841152
236,764.901,1.921612032
237,764.901,1.92936192
238,764.901,1.937158144
239,764.901,1.945409024
240,764.901,1.953211136
241,764.901,1.96104704
242,764.901,1.96871808
243,764.901,1.979488
244,764.901,1.988588032
245,764.901,1.996459008
246,764.901,2.004406016
247,764.901,2.012237056
248,764.901,2.02009216
249,764.901,2.028034048
250,764.901,2.03651712
251,764.901,2.04431616
252,764.901,2.05268608
253,764.901,2.060914176
254,764.901,2.069014016
255,764.901,2.07753216
256,764.901,2.085575936
257,764.901,2.093553152
258,764.901,2.10140416
259,764.901,2.109508096
260,764.901,2.11834496
261,764.901,2.12637696
262,764.901,2.134324992
263,764.901,2.142196992
264,764.901,2.150087168
265,764.901,2.15933696
266,764.901,2.16810112
267,764.901,2.175833088
268,764.901,2.18342016
269,742.477,2.191422976
270,742.477,2.199343104
271,742.477,2.20832
272,742.477,2.215929088
273,742.477,2.223751168
274,742.477,2.23159808
275,763.002,2.239435008
276,763.002,2.247610112
277,763.002,2.255549952
278,763.002,2.263226112
279,763.002,2.271017984
280,763.002,2.279213056
281,763.002,2.28818304
282,763.002,2.296269056
283,763.002,2.303958016
284,763.002,2.314146048
285,763.002,2.322383104
286,842.836,2.330689024
287,842.836,2.338426112
288,842.836,2.346011136
289,713.874,2.35378304
290,713.874,2.362849024
291,713.874,2.372173056
292,713.874,2.379926016
293,791.842,2.387899136
294,791.842,2.395442944
295,791.842,2.402996992
296,791.842,2.411147008
297,771.718,2.419012096
298,771.718,2.426861056
299,771.718,2.434772992
300,771.718,2.442544128
301,771.718,2.450652928
302,771.718,2.458674176
303,859.096,2.46644608
304,859.096,2.474835968
305,859.096,2.483083008
306,859.096,2.491008
307,859.096,2.499009024
308,859.096,2.506906112
309,859.096,2.51464192
310,859.096,2.52322304
311,859.096,2.53107712
312,859.096,2.539401984
313,870.342,2.54720512
314,870.342,2.555674112
315,870.342,2.56343296
316,978.356,2.571326976
317,978.356,2.579088128
318,978.356,2.586854144
319,978.356,2.595707136
320,978.356,2.604606976
321,978.356,2.614128128
322,978.356,2.622025984
323,978.356,2.63021696
324,978.356,2.638596096
325,946.482,2.647169024
326,946.482,2.655143168
327,946.482,2.662976
328,946.482,2.671709952
329,946.482,2.680889088
330,946.482,2.688707072
331,946.482,2.696540928
332,946.482,2.704793088
333,946.482,2.713587968
334,946.482,2.721410048
335,946.482,2.729094144
336,946.482,2.737295104
337,946.482,2.745664
338,946.482,2.754138112
339,946.482,2.762151936
340,946.482,2.770136064
341,946.482,2.778054144
342,946.482,2.785862144
343,946.482,2.794338048
344,946.482,2.802540032
345,974.369,2.810417152
346,974.369,2.818226176
347,974.369,2.825982976
348,974.369,2.834168064
349,974.369,2.842050048
350,974.369,2.849757952
351,974.369,2.857750016
352,974.369,2.865584128
353,974.369,2.874083072
354,974.369,2.881940992
355,974.369,2.89042304
356,974.369,2.898913024
357,974.369,2.906659072
358,974.369,2.915131136
359,974.369,2.92307712
360,974.369,2.930759168
361,1049.726,2.939559168
362,1049.726,2.947294976
363,1049.726,2.955559168
364,1049.726,2.963427072
365,1049.726,2.971209984
366,1049.726,2.979648
367,1049.726,2.987907072
368,968.534,2.996720128
369,968.534,3.004928
370,968.534,3.012798976
371,968.534,3.020630016
372,968.534,3.028442112
373,958.999,3.036828928
374,958.999,3.044719104
375,958.999,3.052649984
376,958.999,3.06072704
377,958.999,3.068865024
378,958.999,3.076956928
379,958.999,3.084610048
380,958.999,3.093905152
381,958.999,3.102936064
382,958.999,3.11126912
383,958.999,3.119414016
384,958.999,3.127184128
385,958.999,3.134706176
386,958.999,3.143243008
387,958.999,3.150828032
388,958.999,3.15855616
389,958.999,3.166294016
390,958.999,3.174046976
391,958.999,3.181725952
392,958.999,3.190401024
393,958.999,3.198580992
394,958.999,3.206649088
395,958.999,3.214458112
396,958.999,3.222200064
397,958.999,3.22990208
398,1018.216,3.238194176
399,1018.216,3.245837056
400,1018.216,3.253662976
401,1018.216,3.261484032
402,1018.216,3.269272064
403,1018.216,3.277249024
404,1018.216,3.286002944
405,1018.216,3.294765056
406,1018.216,3.302529024
407,1018.216,3.310464
408,1018.216,3.318323968
409,1018.216,3.326156032
410,1018.216,3.333890048
411,1018.216,3.34269312
412,1018.216,3.350429952
413,1128.185,3.35853312
414,1128.185,3.366230016
415,1128.185,3.374311936
416,1128.185,3.382228992
417,1128.185,3.391452928
418,1128.185,3.39950208
419,1153.113,3.407666176
420,1153.113,3.415940096
421,1153.113,3.423869952
422,1153.113,3.431601152
423,1153.113,3.441900032
424,1153.113,3.451000064
425,1153.113,3.45895808
426,1300.284,3.466699008
427,1300.284,3.474692096
428,1300.284,3.482317056
429,1300.284,3.491064064
430,1163.289,3.499369984
431,1163.289,3.50813312
432,1142.373,3.516019968
433,1142.373,3.524228096
434,1142.373,3.533219072
435,1142.373,3.541131008
436,1142.373,3.549601024
437,1142.373,3.557708032
438,1142.373,3.565275136
439,1142.373,3.573159936
440,1142.373,3.580719104
441,1142.373,3.588835072
442,1142.373,3.597078016
443,1142.373,3.604871936
444,1142.373,3.61275392
445,1142.373,3.620588032
446,1142.373,3.62834304
447,1142.373,3.636489984
448,1142.373,3.644687104
449,1142.373,3.653914112
450,1142.373,3.661822976
451,1142.373,3.6696
452,1142.373,3.677433088
453,1142.373,3.687596032
454,1142.373,3.697297152
455,1142.373,3.70505216
456,1142.373,3.712748032
457,1142.373,3.720440064
458,1142.373,3.728041984
459,1142.373,3.73573504
460,1142.373,3.744007168
461,1142.373,3.751675136
462,1142.373,3.759490048
463,1142.373,3.767009024
464,1142.373,3.774731008
465,1142.373,3.782961152
466,1142.373,3.790912
467,1142.373,3.798639104
468,1142.373,3.806470144
469,1142.373,3.814180096
470,1142.373,3.822138112
471,1225.620,3.830365952
472,1225.620,3.83822208
473,1225.620,3.846097152
474,1225.620,3.853892096
475,1225.620,3.861562112
476,1225.620,3.869385984
477,1225.620,3.877773056
478,1225.620,3.885662976
479,1225.620,3.893611008
480,1225.620,3.902782976
481,1225.620,3.910654976
482,1261.758,3.918919936
483,1261.758,3.926889984
484,1261.758,3.934619136
485,1261.758,3.942403072
486,1261.758,3.950369024
487,1261.758,3.95823104
488,1261.758,3.966603008
489,1281.345,3.976653056
490,1281.345,3.984754176
491,1281.345,3.99254016
492,1281.345,4.000113152
493,1281.345,4.008588032
494,1281.345,4.016262144
495,1281.345,4.02398208
496,1281.345,4.031730176
497,1281.345,4.039444992
498,1281.345,4.047028992
499,1281.345,4.055633152
500,1281.345,4.063363072
501,1281.345,4.071271168
502,1281.345,4.078881024
503,1281.345,4.086561024
504,1281.345,4.094848
505,1281.345,4.102599936
506,1281.345,4.11023616
507,1281.345,4.11787008
508,1281.345,4.125592064
509,1281.345,4.133564928
510,1281.345,4.14144
511,1281.345,4.149012992
512,1281.345,4.156788992
513,1281.345,4.164571136
514,1276.907,4.172950016
515,1276.907,4.180570112
516,1276.907,4.188401152
517,1276.907,4.196122112
518,1276.907,4.204103168
519,1276.907,4.212500992
520,1276.907,4.220396032
521,1276.907,4.22811008
522,1276.907,4.235955968
523,1276.907,4.243769088
524,1276.907,4.25215616
525,1276.907,4.259975168
526,1276.907,4.26758912
527,1276.907,4.27646208
528,1276.907,4.284454144
529,1276.907,4.293136128
530,1245.467,4.300765952
531,1245.467,4.308540928
532,1245.467,4.316308992
533,1245.467,4.324107008
534,1245.467,4.332345088
535,1245.467,4.340528128
536,1245.467,4.348126976
537,1245.467,4.356134144
538,1245.467,4.363928064
539,1245.467,4.372370944
540,1245.467,4.38018816
541,1245.467,4.387955968
542,1245.467,4.39579008
543,1245.467,4.404153088
544,1218.548,4.41184
545,1218.548,4.419596032
546,1218.548,4.428327936
547,1218.548,4.436065024
548,1218.548,4.447004928
549,1218.548,4.455505152
550,1143.264,4.46335104
551,1143.264,4.471172096
552,1143.264,4.478905088
553,1143.264,4.487267072
554,1143.264,4.495282944
555,1143.264,4.503111936
556,1143.264,4.511181056
557,1143.264,4.51901312
558,1143.264,4.527375104
559,1143.264,4.53510912
560,1143.264,4.543497984
561,1143.264,4.551524096
562,1171.418,4.559641088
563,1171.418,4.567858176
564,1171.418,4.575693056
565,1171.418,4.583441152
566,1171.418,4.591256064
567,1171.418,4.598982144
568,1171.418,4.606946048
569,1171.418,4.615258112
570,1171.418,4.62344704
571,1171.418,4.631143936
572,1171.418,4.63888
573,1171.418,4.646738944
574,1171.418,4.65504
575,1171.418,4.664225024
576,1171.418,4.672189952
577,1171.418,4.679823104
578,1171.418,4.687755008
579,1171.418,4.69670016
580,1171.418,4.704606976
581,1208.779,4.712313088
582,1131.742,4.720084992
583,1131.742,4.72811904
584,1131.742,4.736440064
585,1131.742,4.74437504
586,1131.742,4.752683008
587,1066.330,4.760978944
588,1066.330,4.768762112
589,1066.330,4.777084928
590,1066.330,4.784733952
591,1066.330,4.792666112
592,1066.330,4.80033792
593,1066.330,4.808155136
594,1066.330,4.816440064
595,1066.330,4.824224
596,1066.330,4.832054016
597,1066.330,4.839875072
598,1066.330,4.847425024
599,1066.330,4.85582592
600,1066.330,4.86354304
601,1066.330,4.871325952
602,1066.330,4.87911296
603,1063.024,4.886854144
604,1063.024,4.895102976
605,1063.024,4.902864128
606,1063.024,4.910941952
607,1063.024,4.919046144
608,1063.024,4.926953984
609,1063.024,4.935123968
610,1063.024,4.943198976
611,1063.024,4.951012096
612,1063.024,4.958953984
613,1074.975,4.966681088
614,1315.026,4.974962176
615,1315.026,4.982784
616,1315.026,4.990678016
617,1315.026,4.99831296
618,1315.026,5.006831104
619,1315.026,5.014489088
620,1315.026,5.022299136
621,1315.026,5.030168064
622,1315.026,5.03792
623,1315.026,5.045566976
624,1315.026,5.054014976
625,1315.026,5.061863168
626,1315.026,5.069659136
627,1315.026,5.077504
628,1315.026,5.08513408
629,1315.026,5.094292992
630,1315.026,5.102046976
631,1315.026,5.109977088
632,1315.026,5.117683968
633,1334.034,5.12557696
634,1334.034,5.13344512
635,1334.034,5.142586112
636,1348.972,5.150420992
637,1348.972,5.158386176
638,1348.972,5.166022144
639,1348.972,5.173826048
640,1346.013,5.182161152
641,1346.013,5.190017024
642,1346.013,5.19788416
643,1346.013,5.205767168
644,1346.013,5.213426944
645,1346.013,5.221496064
646,1346.013,5.230316032
647,1346.013,5.238349056
648,1346.013,5.246031104
649,1346.013,5.25377792
650,1346.013,5.261721088
651,1346.013,5.270093056
652,1344.655,5.277758976
653,1344.655,5.285481984
654,1451.605,5.293296128
655,1344.655,5.300922112
656,1344.655,5.309309952
657,1344.655,5.316884992
658,1344.655,5.324747008
659,1344.655,5.332551936
660,1344.655,5.340354048
661,1344.655,5.348561152
662,1344.655,5.357764096
663,1344.655,5.366722048
664,1344.655,5.374567168
665,1344.655,5.382168064
666,1344.655,5.39055104
667,1344.655,5.398274048
668,1344.655,5.406083072
669,1344.655,5.413730048
670,1344.655,5.42145408
671,1344.655,5.429818112
672,1344.655,5.437767168
673,1344.655,5.44544
674,1344.655,5.45332096
675,1344.655,5.461033984
676,1344.655,5.469321984
677,1344.655,5.477274112
678,1344.655,5.484849152
679,1344.655,5.492635136
680,1344.655,5.500436992
681,1344.655,5.508679168
682,1344.655,5.516423936
683,1344.655,5.524300032
684,1314.338,5.532082944
685,1314.338,5.541876992
686,1336.412,5.55071616
687,1336.412,5.558697984
688,1336.412,5.56638208
689,1336.412,5.574224128
690,1336.412,5.581938944
691,1336.412,5.590251008
692,1336.412,5.598201088
693,1336.412,5.606131968
694,1336.412,5.61376512
695,1336.412,5.62226304
696,1336.412,5.630055168
697,1336.412,5.637904128
698,1336.412,5.645675008
699,1336.412,5.653347072
700,1336.412,5.661647104
701,1336.412,5.669491968
702,1336.412,5.677723136
703,1336.412,5.685427968
704,1336.412,5.693684992
705,1336.412,5.701308928
706,1336.412,5.70919296
707,1336.412,5.716866048
708,1336.412,5.724742144
709,1336.412,5.733116928
710,1336.412,5.74095616
711,1336.412,5.748652032
712,1336.412,5.75666816
713,1336.412,5.765985024
714,1336.412,5.77398912
715,1336.412,5.781659136
716,1336.412,5.789633024
717,1336.412,5.797938176
718,1336.412,5.805849088
719,1336.412,5.813874176
720,1336.412,5.82188416
721,1336.412,5.829921024
722,1336.412,5.838260992
723,1372.072,5.847230976
724,1336.412,5.855325952
725,1336.412,5.863003136
726,1336.412,5.870836992
727,1336.412,5.878543104
728,1336.412,5.886283008
729,1336.412,5.894676992
730,1288.131,5.902518016
731,1288.131,5.910243072
732,1288.131,5.918092032
733,1288.131,5.926013952
734,1288.131,5.93373696
735,1288.131,5.942306048
736,1288.131,5.95004416
737,1288.131,5.958566144
738,1288.131,5.966296064
739,1288.131,5.97421312
740,1409.571,5.982124032
741,1288.131,5.990884096
742,1288.131,5.999142144
743,1288.131,6.006898176
744,1288.131,6.014604032
745,1288.131,6.02290304
746,1288.131,6.031318016
747,1287.808,6.039890944
748,1287.808,6.047952128
749,1287.808,6.055787008
750,1287.808,6.063636992
751,1287.808,6.071482112
752,1287.808,6.079552
753,1287.808,6.087827968
754,1287.808,6.096016128
755,1287.808,6.103699968
756,1287.808,6.111426048
757,1287.808,6.119044096
758,1287.808,6.126992128
759,1287.808,6.135153152
760,1287.808,6.143033088
761,1287.808,6.151106048
762,1329.201,6.159152128
763,1287.808,6.166872064
764,1287.808,6.174692096
765,1287.808,6.182763008
766,1287.808,6.19073792
767,1287.808,6.198480128
768,1287.808,6.206307072
769,1287.808,6.214013952
770,1287.808,6.22287616
771,1287.808,6.230800128
772,1287.808,6.238593024
773,1287.808,6.246401024
774,1287.808,6.25488512
775,1287.808,6.262605056
776,1287.808,6.270950144
777,1287.808,6.278750976
778,1287.808,6.287035136
779,1287.808,6.294924032
780,1287.808,6.302754048
781,1287.808,6.31041792
782,1287.808,6.322253056
783,1287.808,6.330195968
784,1287.808,6.337944064
785,1287.808,6.345562112
786,1287.808,6.353380096
787,1287.808,6.361724928
788,1287.808,6.369484032
789,1287.808,6.377339136
790,1287.808,6.385044992
791,1287.808,6.392803072
792,1287.808,6.400472064
793,1287.808,6.408761088
794,1287.808,6.416481024
795,1287.808,6.424310016
796,1287.808,6.431975936
797,1287.808,6.439819008
798,1287.808,6.44790912
799,1287.808,6.45570816
800,1287.808,6.463535104
801,1287.808,6.47124096
802,1287.808,6.478845952
803,1287.808,6.48651008
804,1287.808,6.495026176
805,1287.808,6.502671104
806,1287.808,6.510482944
807,1287.808,6.518059008
808,1287.808,6.52603904
809,1243.466,6.534557952
810,1243.466,6.542561024
811,1243.466,6.550500096
812,1243.466,6.558386944
813,1243.466,6.566123008
814,1243.466,6.574620928
815,1243.466,6.582836992
816,1243.466,6.59318016
817,1243.466,6.601110016
818,1122.444,6.609107968
819,1161.789,6.617217024
820,1122.444,6.626276096
821,1122.444,6.63407104
822,1122.444,6.642759168
823,1122.444,6.650665984
824,1122.444,6.659094016
825,1122.444,6.667068928
826,1122.444,6.674983936
827,1122.444,6.682748928
828,1122.444,6.69079808
829,1122.444,6.69914496
830,1122.444,6.707194112
831,1122.444,6.715012096
832,1122.444,6.722882048
833,1122.444,6.730736128
834,1122.444,6.739058944
835,1122.444,6.746823936
836,1122.444,6.75471104
837,1122.444,6.763010048
838,1182.654,6.770947072
839,1122.444,6.779810048
840,1122.444,6.787815936
841,1122.444,6.79672704
842,1122.444,6.804647936
843,1122.444,6.812495104
844,1122.444,6.820818944
845,1122.444,6.828660992
846,1122.444,6.836406016
847,1122.444,6.844111104
848,1122.444,6.852379136
849,1122.444,6.862118144
850,1122.444,6.87114496
851,1122.444,6.878946048
852,1122.444,6.890543104
853,1122.444,6.899505152
854,1122.444,6.907546112
855,1122.444,6.915403008
856,1122.444,6.923907072
857,1122.444,6.932060928
858,1122.444,6.940843008
859,1122.444,6.94856704
860,1122.444,6.957629952
861,1122.444,6.96733696
862,1122.444,6.976179968
863,1122.444,6.984627968
864,1122.444,6.992659968
865,1122.444,7.000513024
866,1122.444,7.008536064
867,1122.444,7.01686016
868,1122.444,7.024844032
869,1060.459,7.032747008
870,1017.673,7.040681984
871,1017.673,7.049025024
872,1017.673,7.056954112
873,1017.673,7.064632064
874,1017.673,7.072644096
875,1017.673,7.080766976
876,1017.673,7.089923072
877,1017.673,7.09808512
878,1056.620,7.10586112
879,1017.673,7.11422208
880,1017.673,7.122027008
881,941.699,7.129762048
882,941.699,7.137683968
883,941.699,7.145287168
884,941.699,7.153553152
885,941.699,7.161543168
886,941.699,7.169204992
887,941.699,7.176930048
888,941.699,7.185081088
889,941.699,7.193675008
890,941.699,7.201639936
891,941.699,7.209524992
892,941.699,7.217137152
893,941.699,7.225415936
894,941.699,7.234537984
895,941.699,7.242841088
896,941.699,7.250413056
897,941.699,7.25841408
898,941.699,7.266115072
899,941.699,7.274492928
900,941.699,7.283396096
901,1207.219,7.293529088
902,941.699,7.301319168
903,941.699,7.30909312
904,941.699,7.31680896
905,941.699,7.324679936
906,941.699,7.332730112
907,941.699,7.342614016
908,937.574,7.352376064
909,937.574,7.360155136
910,933.833,7.368116992
911,933.833,7.377379072
912,933.833,7.385568
913,933.833,7.393465088
914,999.579,7.40112512
915,933.833,7.40943104
916,933.833,7.417042944
917,933.833,7.424992
918,933.833,7.433341952
919,933.833,7.441182976
920,933.833,7.448911104
921,933.833,7.45691392
922,933.833,7.464507136
923,933.833,7.473278976
924,933.833,7.481602048
925,933.833,7.489371136
926,933.833,7.497154048
927,933.833,7.50494208
928,933.833,7.512946944
929,933.833,7.52065792
930,933.833,7.529017088
931,933.833,7.538206976
932,933.833,7.546033152
933,933.833,7.553980928
934,933.833,7.561769984
935,933.833,7.570185984
936,933.833,7.578059008
937,933.833,7.586082048
938,933.833,7.594193152
939,933.833,7.60211712
940,933.833,7.60982016
941,933.833,7.61810816
942,937.974,7.626066944
943,933.833,7.63367296
944,933.833,7.641536
945,933.833,7.649177088
946,933.833,7.656894976
947,933.833,7.665246976
948,933.833,7.672999936
949,933.833,7.680560128
950,933.833,7.688355072
951,933.833,7.69604608
952,933.833,7.703654144
953,958.543,7.712050944
954,933.833,7.720324096
955,933.833,7.72815616
956,933.833,7.735977984
957,1066.282,7.743683072
958,933.833,7.751897088
959,933.833,7.759675136
960,933.833,7.767243008
961,933.833,7.77508608
962,933.833,7.78270208
963,933.833,7.790481152
964,933.833,7.79881216
965,933.833,7.806659072
966,933.833,7.814260992
967,933.833,7.82223104
968,933.833,7.82990208
969,933.833,7.838322176
970,933.833,7.846050048
971,933.833,7.853775104
972,933.833,7.86148608
973,933.833,7.869241088
974,933.833,7.877510144
975,933.833,7.885268992
976,933.833,7.89485696
977,933.833,7.903913984
978,933.833,7.911654144
979,933.833,7.91944704
980,933.833,7.92822016
981,933.833,7.935878144
982,933.833,7.944915968
983,933.833,7.952777984
984,933.833,7.961462016
985,933.833,7.969711104
986,933.833,7.977438976
987,933.833,7.98514816
988,933.833,7.992998144
989,933.833,8.000647936
990,933.833,8.009172992
991,933.833,8.016913152
992,933.833,8.024890112
993,933.833,8.032481024
994,933.833,8.040147968
995,933.833,8.048550144
996,933.833,8.056376064
997,933.833,8.063993088
998,933.833,8.071933952
999,933.833,8.079610112
1000,933.833,8.087981056
1001,933.833,8.095665152
1002,933.833,8.10326912
1003,933.833,8.111027968
1004,933.833,8.119194112
1005,746.069,8.127612928
1006,746.069,8.135474944
1007,746.069,8.143290112
1008,746.069,8.150950144
1009,746.069,8.159559168
1010,746.069,8.16784896
1011,746.069,8.17588992
1012,746.069,8.183584
1013,746.069,8.19237504
1014,746.069,8.201163008
1015,746.069,8.209232128
1016,746.069,8.21716608
1017,746.069,8.226569984
1018,746.069,8.235687936
1019,746.069,8.244083968
1020,746.069,8.251961088
1021,746.069,8.259785984
1022,746.069,8.26739712
1023,711.451,8.275299072
1024,711.451,8.283442944
1025,711.451,8.291412992
1026,711.451,8.299238144
1027,711.451,8.307027968
1028,711.451,8.31537408
1029,711.451,8.325426176
1030,711.451,8.334589952
1031,711.451,8.342529024
1032,711.451,8.350375936
1033,711.451,8.358694144
1034,711.451,8.366470144
1035,711.451,8.374406144
1036,711.451,8.38208896
1037,711.451,8.390675968
1038,711.451,8.398349056
1039,711.451,8.406157056
1040,711.451,8.414023168
1041,711.451,8.42183296
1042,711.451,8.429491968
1043,711.451,8.43782912
1044,711.451,8.445767168
1045,628.931,8.453587968
1046,628.931,8.461741056
1047,628.931,8.469579008
1048,628.931,8.478177024
1049,628.931,8.48619008
1050,647.295,8.494075136
1051,628.931,8.50184192
1052,628.931,8.509588992
1053,628.931,8.517830144
1054,628.931,8.52563712
1055,628.931,8.533411072
1056,628.931,8.541455104
1057,628.931,8.54916608
1058,628.931,8.557601024
1059,628.931,8.565598976
1060,628.931,8.573483008
1061,628.931,8.581191936
1062,628.931,8.589182976
1063,609.669,8.597521152
1064,609.669,8.605536
1065,609.669,8.613236992
1066,609.669,8.621011968
1067,609.669,8.628929024
1068,609.669,8.637446144
1069,609.669,8.645287936
1070,609.669,8.653101056
1071,609.669,8.660928
1072,609.669,8.66870016
1073,609.669,8.67711616
1074,609.669,8.684921088
1075,609.669,8.693549056
1076,609.669,8.701347072
1077,609.669,8.709472
1078,609.669,8.717671168
1079,609.669,8.725596928
1080,609.669,8.733583104
1081,609.669,8.741629952
1082,609.669,8.749424128
1083,609.669,8.757964032
1084,609.669,8.765801984
1085,609.669,8.773789952
1086,609.669,8.78145408
1087,609.669,8.789849088
1088,609.669,8.797788928
1089,536.491,8.805615104
1090,536.491,8.813351936
1091,536.491,8.821057024
1092,536.491,8.829356032
1093,536.491,8.837171968
1094,536.491,8.845037056
1095,536.491,8.852731136
1096,536.491,8.860621056
1097,536.491,8.868894976
1098,536.491,8.876816128
1099,536.491,8.884688128
1100,536.491,8.892594944
1101,536.491,8.900978944
1102,536.491,8.908843008
1103,536.491,8.916481024
1104,536.491,8.92441216
1105,536.491,8.93208704
1106,536.491,8.939881984
1107,536.491,8.948323072
1108,536.491,8.956271104
1109,536.491,8.96397696
1110,536.491,8.971996928
1111,536.491,8.979693056
1112,536.491,8.988192
1113,536.491,8.995985152
1114,536.491,9.003739136
1115,536.491,9.011628032
1116,536.491,9.01945216
1117,536.491,9.02772992
1118,536.491,9.03703808
1119,536.491,9.045196032
1120,536.491,9.05474816
1121,536.491,9.064532992
1122,536.491,9.073042944
1123,536.491,9.08090112
1124,536.491,9.088876032
1125,536.491,9.096783104
1126,536.491,9.10468608
1127,536.491,9.11254016
1128,536.491,9.121274112
1129,536.491,9.129142016
1130,536.491,9.137025024
1131,536.491,9.144844032
1132,702.210,9.15263616
1133,536.491,9.16112896
1134,536.491,9.169048064
1135,536.491,9.176775936
1136,536.491,9.184356096
1137,536.491,9.192818944
1138,536.491,9.201092096
1139,542.864,9.20916608
1140,536.491,9.216743168
1141,536.491,9.224588032
1142,536.491,9.232852992
1143,536.491,9.240764928
1144,536.491,9.248666112
1145,536.491,9.25790208
1146,536.491,9.267852032
1147,536.491,9.276423168
1148,536.491,9.284385024
1149,536.491,9.292669952
1150,536.491,9.300436992
1151,536.491,9.308369152
1152,536.491,9.316608
1153,536.491,9.324594944
1154,536.491,9.33231104
1155,536.491,9.340097024
1156,536.491,9.347904
1157,536.491,9.356380928
1158,536.491,9.364015104
1159,536.491,9.37186304
1160,536.491,9.379633152
1161,536.491,9.387947008
1162,536.491,9.395892992
1163,536.491,9.403670016
1164,715.758,9.411385088
1165,536.491,9.419111936
1166,536.491,9.427486976
1167,536.491,9.435265024
1168,536.491,9.443079936
1169,536.491,9.450712064
1170,653.364,9.459128064
1171,536.491,9.466860032
1172,536.491,9.47469312
1173,650.426,9.48263296
1174,536.491,9.490561024
1175,536.491,9.498959104
1176,536.491,9.506904064
1177,536.491,9.514575104
1178,536.491,9.523051008
1179,507.617,9.534430976
1180,507.617,9.542471168
1181,507.617,9.550394112
1182,507.617,9.55967104
1183,507.617,9.568038144
1184,363.454,9.576487936
1185,334.265,9.584172032
1186,334.265,9.592731136
1187,334.265,9.600486144
1188,334.265,9.609356032
1189,334.265,9.617008128
1190,334.265,9.625508096
1191,334.265,9.633368064
1192,334.265,9.641122048
1193,334.265,9.64938112
1194,334.265,9.657298944
1195,334.265,9.665722112
1196,334.265,9.673705984
1197,334.265,9.681284096
1198,334.265,9.68898304
1199,334.265,9.697325056
1200,334.265,9.705049088
1201,334.265,9.712694016
1202,334.265,9.720780032
1203,317.801,9.729146112
1204,317.801,9.736972032
1205,317.801,9.74528512
1206,317.801,9.754305024
1207,317.801,9.76232704
1208,317.801,9.770041088
1209,317.801,9.77786112
1210,317.801,9.785468928
1211,317.801,9.793219072
1212,317.801,9.801568
1213,262.454,9.80934912
1214,262.454,9.816858112
1215,262.454,9.824688128
1216,262.454,9.832416
1217,262.454,9.840550144
1218,262.454,9.848980992
1219,262.454,9.856673024
1220,262.454,9.864697088
1221,262.454,9.872428032
1222,262.454,9.879975936
1223,262.454,9.887700992
1224,262.454,9.896057088
1225,262.454,9.903793152
1226,262.454,9.911619072
1227,262.454,9.91915904
1228,262.454,9.926796032
1229,262.454,9.93496704
1230,294.670,9.94288512
1231,262.454,9.950669056
1232,388.900,9.959836928
1233,262.454,9.968713984
1234,262.454,9.97664896
1235,262.454,9.984743168
1236,262.454,9.99271296
1237,262.454,10.000304128
1238,262.454,10.008036096
1239,262.454,10.015798016
1240,262.454,10.023565056
1241,262.454,10.031867136
1242,262.454,10.041353984
1243,262.454,10.04963712
1244,262.454,10.057725952
1245,262.454,10.065438976
1246,262.454,10.073467136
1247,262.454,10.082116096
1248,262.454,10.089993984
1249,262.454,10.099780096
1250,262.454,10.109453056
1251,207.056,10.11707008
1252,207.056,10.125467136
1253,207.056,10.13317504
1254,376.210,10.141062144
1255,207.056,10.149017088
1256,207.056,10.156830976
1257,207.056,10.164623104
1258,207.056,10.173234176
1259,207.056,10.180994048
1260,207.056,10.188688128
1261,247.012,10.19645312
1262,207.056,10.204314112
1263,207.056,10.212646144
1264,207.056,10.220369152
1265,207.056,10.228182016
1266,207.056,10.235924992
1267,207.056,10.244103936
1268,207.056,10.252500992
1269,207.056,10.261396992
1270,207.056,10.269293056
1271,207.056,10.27730816
1272,207.056,10.285171968
1273,207.056,10.293011968
1274,207.056,10.301328128
1275,207.056,10.309103104
1276,207.056,10.316707072
1277,207.056,10.324571136
1278,207.056,10.332109056
1279,207.056,10.340562944
1280,207.056,10.34852096
1281,207.056,10.356399104
1282,207.056,10.364593152
1283,207.056,10.372491008
1284,207.056,10.380626944
1285,207.056,10.389236992
1286,207.056,10.39706496
1287,207.056,10.404928
1288,207.056,10.41263104
1289,207.056,10.420315136
1290,207.056,10.42868992
1291,153.728,10.436358144
1292,153.728,10.445176064
1293,153.728,10.452943104
1294,153.728,10.460615936
1295,153.728,10.46890496
1296,153.728,10.476826112
1297,204.134,10.48449792
1298,153.728,10.49239296
1299,153.728,10.49995904
1300,153.728,10.508301056
1301,153.728,10.518877952
1302,153.728,10.526735104
1303,153.728,10.53426816
1304,153.728,10.542255104
1305,139.703,10.55048704
1306,139.703,10.558459136
1307,139.703,10.566134016
1308,139.703,10.57413504
1309,216.821,10.583052032
1310,139.703,10.591184128
1311,132.878,10.599635968
1312,132.878,10.60771712
1313,132.878,10.615328
1314,132.878,10.623705088
1315,132.878,10.631670016
1316,132.878,10.640120064
1317,132.878,10.64974208
1318,132.878,10.657786112
1319,132.878,10.66614912
1320,132.878,10.673981952
1321,132.878,10.681799936
1322,132.878,10.689882112
1323,132.878,10.698426112
1324,132.878,10.707259136
1325,132.878,10.715014144
1326,132.878,10.72283008
1327,132.878,10.730625024
1328,132.878,10.739622144
1329,132.878,10.747570176
1330,132.878,10.755314944
1331,132.878,10.762960128
1332,132.878,10.770855936
1333,132.878,10.779294976
1334,132.878,10.78763904
1335,132.878,10.795515136
1336,132.878,10.803207936
1337,132.878,10.811923968
1338,132.878,10.81962112
1339,132.878,10.828263936
1340,132.878,10.836395008
1341,132.878,10.844105984
1342,118.223,10.851787008
1343,118.223,10.859515136
1344,118.223,10.867588096
1345,118.223,10.875544064
1346,118.223,10.88317312
1347,118.223,10.891843072
1348,118.223,10.900064
1349,118.223,10.908301056
1350,118.223,10.916688128
1351,118.223,10.924528128
1352,118.223,10.932254976
1353,118.223,10.940075008
1354,118.223,10.947712
1355,118.223,10.956617984
1356,118.223,10.964794112
1357,118.223,10.972642048
1358,118.223,10.980530176
1359,118.223,10.98831616
1360,118.223,10.996608
1361,118.223,11.005001984
1362,118.223,11.013796096
1363,118.223,11.021434112
1364,118.223,11.029264128
1365,118.223,11.03760512
1366,118.223,11.045267968
1367,118.223,11.052762112
1368,118.223,11.060649984
1369,118.223,11.068216064
1370,118.223,11.076529152
1371,118.223,11.08437504
1372,118.223,11.093044992
1373,118.223,11.101073152
1374,118.223,11.108864
1375,118.223,11.116999936
1376,118.223,11.124999168
1377,118.223,11.132739072
1378,118.223,11.14048
1379,60.111,11.148240128
1380,60.111,11.156428032
1381,60.111,11.16397696
1382,60.111,11.172128
1383,60.111,11.180417024
1384,60.111,11.188285952
1385,60.111,11.196931072
1386,60.111,11.204931072
1387,60.111,11.21261312
1388,60.111,11.220262144
1389,60.111,11.228514048
1390,60.111,11.236227072
1391,33.986,11.243968
1392,33.986,11.251591168
1393,33.986,11.259454976
1394,33.986,11.267805952
1395,33.986,11.275732992
1396,33.986,11.283416064
1397,33.986,11.291411968
1398,33.986,11.300013056
1399,33.986,11.307986944
1400,33.986,11.315828992
1401,33.986,11.324052992
1402,33.986,11.332091136
1403,33.986,11.34062208
1404,47.673,11.34838016
1405,33.986,11.35726592
1406,33.986,11.364999168
1407,33.986,11.37327616
1408,33.986,11.381009152
1409,33.986,11.388798976
1410,33.986,11.396530176
1411,33.986,11.404273152
1412,33.986,11.41248512
1413,33.986,11.420173056
1414,33.986,11.427949056
1415,33.986,11.435517952
1416,33.986,11.44411392
1417,33.986,11.451879168
1418,33.986,11.459634176
1419,33.986,11.467340032
1420,33.986,11.475568128
1421,33.986,11.483131136
1422,33.986,11.491083008
1423,33.986,11.498902016
1424,33.986,11.507335168
1425,33.986,11.51687808
1426,45.568,11.525099008
1427,33.986,11.532710144
1428,33.986,11.540451072
1429,33.986,11.548205056
1430,33.986,11.555902976
1431,33.986,11.563488
1432,33.986,11.571783168
1433,33.986,11.579672064
1434,33.986,11.587550976
1435,33.986,11.595344128
1436,33.986,11.603096064
1437,33.986,11.610727936
1438,33.986,11.619083008
1439,33.986,11.626908928
1440,33.986,11.634509056
1441,33.986,11.642300928
1442,33.986,11.649821952
1443,33.986,11.657481984
1444,33.986,11.66574208
1445,33.986,11.673579008
1446,33.986,11.681287936
1447,33.986,11.689133056
1448,33.986,11.696755968
1449,33.986,11.704420096
1450,33.986,11.712696064
1451,33.986,11.720620032
1452,33.986,11.728550144
1453,33.986,11.736209152
1454,33.986,11.743905024
1455,36.880,11.751638016
1456,33.986,11.759769088
1457,33.986,11.767346944
1458,33.986,11.775261952
1459,33.986,11.782846976
1460,33.986,11.791545088
1461,33.986,11.799313152
1462,33.986,11.807635968
1463,33.986,11.815582976
1464,33.986,11.825323008
1465,33.986,11.834605056
1466,33.986,11.842370048
1467,33.986,11.85012992
1468,33.986,11.85859712
1469,33.986,11.86625792
1470,32.195,11.874169088
1471,32.195,11.881888
1472,32.195,11.890855936
1473,32.195,11.898578944
1474,32.195,11.906873088
1475,32.195,11.917403136
1476,32.195,11.925955072
1477,32.195,11.937044992
1478,32.195,11.947938048
1479,32.195,11.958855168
1480,32.195,11.966912
1481,32.195,11.974923008
1482,32.195,11.98272512
1483,32.195,11.990617088
1484,32.195,11.998658048
1485,32.195,12.007128064
1486,32.195,12.014803968
1487,25.487,12.022571008
1488,25.487,12.030342144
1489,25.487,12.038060032
1490,25.487,12.046206976
1491,25.487,12.053979136
1492,25.487,12.061721088
1493,25.487,12.069277952
1494,23.584,12.077136128
1495,23.584,12.084668928
1496,23.584,12.09307904
1497,23.584,12.100755968
1498,23.584,12.10845312
1499,23.584,12.116123136
1500,23.584,12.124188928
1501,39.998,12.132308992
1502,23.584,12.140169984
1503,23.584,12.147805952
1504,23.584,12.15556608
1505,23.584,12.163275008
1506,29.142,12.170936064
1507,23.584,12.17915008
1508,23.584,12.186864128
1509,23.584,12.194704128
1510,23.584,12.202237952
1511,23.584,12.210089984
1512,23.584,12.218214144
1513,23.584,12.226066944
1514,23.584,12.233965056
1515,23.584,12.241746944
1516,23.584,12.249325056
1517,23.584,12.25792512
1518,23.584,12.265548032
1519,23.584,12.273266176
1520,23.584,12.280978944
1521,23.584,12.289007104
1522,23.584,12.29742208
1523,23.584,12.30511616
1524,23.584,12.312689152
1525,23.584,12.320404992
1526,23.584,12.328227072
1527,23.584,12.336402944
1528,23.584,12.344222976
1529,23.584,12.351809024
1530,23.584,12.359590144
1531,16.658,12.367404032
1532,16.658,12.376067072
1533,16.658,12.38401792
1534,16.658,12.391833088
1535,16.658,12.39939712
1536,16.658,12.407181056
1537,16.658,12.415228928
1538,16.658,12.422940928
1539,11.814,12.430715136
1540,11.814,12.438418944
1541,10.072,12.446043136
1542,10.072,12.45439104
1543,23.212,12.462448128
1544,10.072,12.470178048
1545,10.072,12.47807104
1546,10.072,12.485670144
1547,10.072,12.495233024
1548,8.856,12.50311296
1549,8.856,12.512230144
1550,8.856,12.520702976
1551,8.856,12.529005056
1552,8.856,12.536758016
1553,8.856,12.54439808
1554,8.856,12.552019968
1555,8.856,12.560039936
1556,8.856,12.568246016
1557,8.856,12.57623296
1558,8.856,12.58381312
1559,8.856,12.592468992
1560,8.856,12.600218112
1561,8.856,12.608445952
1562,8.856,12.616123136
1563,8.856,12.623899136
1564,8.856,12.63184
1565,8.856,12.64046208
1566,15.669,12.64805504
1567,11.569,12.65567104
1568,8.856,12.663492096
1569,8.856,12.671171072
1570,8.856,12.678740992
1571,8.856,12.686993152
1572,7.939,12.694706944
1573,7.939,12.70223616
1574,7.939,12.710857984
1575,7.939,12.718713088
1576,7.939,12.730710016
1577,7.939,12.739212032
1578,7.939,12.746761984
1579,7.939,12.754338048
1580,7.939,12.762265088
1581,7.939,12.769993984
1582,7.939,12.778270976
1583,7.939,12.786002944
1584,7.939,12.793725952
1585,7.939,12.801460992
1586,7.939,12.810326016
1587,7.939,12.81803008
1588,5.223,12.829536
1589,5.223,12.838189056
1590,5.223,12.84573312
1591,5.223,12.853220096
1592,5.223,12.861570048
1593,5.223,12.869140992
1594,5.223,12.876935168
1595,5.223,12.885116928
1596,5.223,12.89282816
1597,5.223,12.900455168
1598,5.223,12.908172032
1599,5.223,12.915682048
1600,4.637,12.92359808
1601,4.637,12.933250048
1602,4.637,12.941298176
1603,4.637,12.948962048
1604,4.637,12.956713984
1605,4.637,12.964467968
1606,4.637,12.972252928
1607,4.637,12.980423936
1608,4.637,12.988307968
1609,4.637,12.996214016
1610,4.637,13.003943168
1611,4.637,13.011693056
1612,4.637,13.019273984
1613,4.637,13.027014144
1614,4.637,13.035815936
1615,4.637,13.04356608
1616,4.637,13.051277056
1617,4.637,13.059553024
1618,6.469,13.067165952
1619,4.637,13.076179968
1620,4.637,13.084354048
1621,4.637,13.092307968
1622,4.637,13.099920128
1623,4.637,13.107627008
1624,4.637,13.115366144
1625,4.637,13.123183104
1626,4.637,13.131462144
1627,4.637,13.13944704
1628,4.637,13.147053056
1629,4.637,13.154688
1630,4.637,13.16468096
1631,4.637,13.173338112
1632,4.637,13.18103808
1633,4.637,13.188783104
1634,4.637,13.196519168
1635,4.637,13.204409088
1636,4.637,13.212011008
1637,4.637,13.220231936
1638,4.637,13.228071168
1639,4.637,13.235628032
1640,4.637,13.243490048
1641,4.637,13.251046144
1642,4.637,13.261324032
1643,4.637,13.27060608
1644,4.637,13.278412032
1645,4.637,13.286038016
1646,4.637,13.293784064
1647,4.637,13.301511936
1648,4.109,13.309223936
1649,4.109,13.317187072
1650,4.109,13.325131008
1651,4.109,13.332664064
1652,4.109,13.340345088
1653,4.109,13.348056064
1654,4.109,13.35619712
1655,4.109,13.365220096
1656,4.109,13.373210112
1657,3.767,13.380896
1658,3.767,13.388844032
1659,3.767,13.396700928
1660,2.939,13.405148928
1661,2.939,13.412848128
1662,2.939,13.420527104
1663,2.939,13.428201984
1664,2.939,13.435947008
1665,2.939,13.444544
1666,2.939,13.452314112
1667,2.939,13.460098048
1668,2.939,13.46774912
1669,2.939,13.47569408
1670,2.939,13.483329024
1671,2.939,13.491552
1672,2.939,13.499356928
1673,2.939,13.50749312
1674,2.939,13.515458048
1675,2.939,13.523307008
1676,2.939,13.531527936
1677,2.939,13.539377152
1678,2.939,13.547010048
1679,2.939,13.554642944
1680,3.329,13.562675968
1681,2.939,13.571060992
1682,2.939,13.578703104
1683,3.485,13.586462976
1684,2.939,13.59424
1685,2.939,13.601856
1686,2.939,13.609851136
1687,4.423,13.618529024
1688,2.939,13.626529024
1689,2.939,13.63415808
1690,2.939,13.641950976
1691,2.939,13.649818112
1692,2.939,13.658142976
1693,2.939,13.665824
1694,2.939,13.673757952
1695,2.222,13.681417984
1696,2.222,13.689172992
1697,2.222,13.697532928
1698,2.222,13.705443072
1699,2.222,13.713359104
1700,2.222,13.721147136
1701,2.222,13.73124096
1702,2.222,13.740196096
1703,2.222,13.749739008
1704,2.222,13.757752064
1705,2.222,13.765532928
1706,2.222,13.773513984
1707,2.222,13.782018048
1708,2.222,13.790016
1709,2.222,13.797793024
1710,2.222,13.805657088
1711,0.894,13.813466112
1712,0.894,13.821910016
1713,0.894,13.829737984
1714,1.264,13.83744896
1715,0.894,13.84509312
1716,0.894,13.853396992
1717,0.894,13.861291008
1718,0.894,13.868925952
1719,0.894,13.876977152
1720,0.894,13.884726016
1721,0.894,13.893304064
1722,0.894,13.901090048
1723,1.969,13.909059072
1724,0.894,13.916962048
1725,0.894,13.92480896
1726,0.894,13.932866048
1727,0.894,13.94091904
1728,0.894,13.948572928
1729,0.894,13.95643008
1730,0.894,13.964606976
1731,0.894,13.973534976
1732,0.894,13.982812928
1733,0.894,13.990656
1734,0.894,13.998554112
1735,0.894,14.006860032
1736,0.894,14.014673152
1737,0.894,14.02253696
1738,0.894,14.030230016
1739,0.894,14.038707968
1740,0.894,14.046509056
1741,0.894,14.05423616
1742,0.894,14.062142976
1743,0.894,14.070323968
1744,0.894,14.078041088
1745,0.894,14.086338048
1746,0.894,14.09471616
1747,0.894,14.102479104
1748,0.894,14.110228992
1749,0.894,14.118220032
1750,0.894,14.12612608
1751,0.894,14.133707008
1752,0.894,14.141401088
1753,0.894,14.149195008
1754,0.894,14.15762304
1755,0.894,14.165387008
1756,0.894,14.173297152
1757,0.571,14.180882944
1758,1.427,14.188852992
1759,0.571,14.197124096
1760,0.571,14.205053952
1761,0.571,14.212811008
1762,0.571,14.22058496
1763,0.571,14.228285952
1764,0.571,14.236043008
1765,0.571,14.244329984
1766,0.571,14.25195008
1767,0.571,14.259972096
1768,0.571,14.267638016
1769,0.571,14.275465984
1770,0.571,14.283371008
1771,0.571,14.291686144
1772,0.571,14.299460096
1773,0.571,14.30858496
1774,0.571,14.317917952
1775,0.571,14.325735168
1776,0.571,14.333362176
1777,0.571,14.341883136
1778,0.571,14.352856064
1779,0.571,14.361519104
1780,0.571,14.369304064
1781,0.571,14.377095168
1782,0.571,14.384684032
1783,0.571,14.393092096
1784,0.571,14.400698112
1785,0.571,14.408478976
1786,0.571,14.416286976
1787,0.571,14.424633088
1788,0.571,14.433356032
1789,0.571,14.441762048
1790,0.571,14.449428992
1791,0.571,14.457355008
1792,0.571,14.465233152
1793,0.571,14.473044992
1794,0.571,14.480728064
1795,0.571,14.488955136
1796,0.571,14.496755968
1797,0.571,14.504434176
1798,0.571,14.512128
1799,0.457,14.519821056

Error results for GA
---------------------------
0,346.343,0.204848896
1,360.108,0.410259968
2,398.558,0.625848064
3,301.578,0.844020992
4,197.592,1.046809856
5,251.769,1.252380928
6,303.701,1.46007808
7,317.691,1.657142016
8,382.968,1.859990016
9,278.425,2.066850048
10,301.578,2.270237952
11,212.110,2.480226048
12,161.180,2.691379968
13,125.496,2.894313984
14,169.022,3.104676864
15,296.737,3.311168
16,382.654,3.515603968
17,289.179,3.726844928
18,187.243,3.942057984
19,253.952,4.158564864
20,127.466,4.366251008
21,134.631,4.582981888
22,242.672,4.796345856
23,233.942,4.997698048
24,162.151,5.214543872
25,67.597,5.422972928
26,82.211,5.625326848
27,98.796,5.837441024
28,91.160,6.043609856
29,65.377,6.25294592
30,48.030,6.453939968
31,44.384,6.674108928
32,49.741,6.882035968
33,51.856,7.094136832
34,39.075,7.295823872
35,35.848,7.508508928
36,51.546,7.716393984
37,39.872,7.92415104
38,32.387,8.146360832
39,33.414,8.35823104
40,35.262,8.56500992
41,36.597,8.775227904
42,22.870,8.987760896
43,35.156,9.194499072
44,33.848,9.404427008
45,35.736,9.610535936
46,25.837,9.823643904
47,33.291,10.033517056
48,23.949,10.241867008
49,22.747,10.446206976
50,22.870,10.661942016
51,9.967,10.875205888
52,23.949,11.082994944
53,24.261,11.289639936
54,10.109,11.50673792
55,10.750,11.722439936
56,9.907,11.926178048
57,17.067,12.131540992
58,10.589,12.338371072
59,9.907,12.546535936
60,9.583,12.758488832
61,7.337,12.963513856
62,6.773,13.170862848
63,4.791,13.382115072
64,6.509,13.591627008
65,4.791,13.797801984
66,6.416,14.00353792
67,4.433,14.205199872
68,6.677,14.41913984
69,3.534,14.631716864
70,3.534,14.845701888
71,2.552,15.057260032
72,3.394,15.264262912
73,3.534,15.482889984
74,2.486,15.699933952
75,2.678,15.912688896
76,2.590,16.127124992
77,2.486,16.336691968
78,1.328,16.54521984
79,2.486,16.754075904
80,1.536,16.96399104
81,3.008,17.17321984
82,1.121,17.377805824
83,3.331,17.590838016
84,0.643,17.798991872
85,0.643,18.006851072
86,1.514,18.218351872
87,1.121,18.431499008
88,0.660,18.636723968
89,0.670,18.84985088
90,0.580,19.065257984
91,0.660,19.271024896
92,0.670,19.47841792
93,0.670,19.692941824
94,0.643,19.910466048
95,0.660,20.11224704
96,0.595,20.323365888
97,0.670,20.53400192
98,0.523,20.739062016
99,0.451,20.946734848

Results for RHC: 
Correctly classified 3888.0 instances.
Incorrectly classified 0.0 instances.
Percent correctly classified: 100.000%
Training time: 12.292 seconds
Testing time: 0.011 seconds
Iterations: 1445

Results for SA: 
Correctly classified 3888.0 instances.
Incorrectly classified 0.0 instances.
Percent correctly classified: 100.000%
Training time: 14.520 seconds
Testing time: 0.012 seconds
Iterations: 1799

Results for GA: 
Correctly classified 3888.0 instances.
Incorrectly classified 0.0 instances.
Percent correctly classified: 100.000%
Training time: 20.947 seconds
Testing time: 0.011 seconds
Iterations: 99

