
Error results for RHC
---------------------------
0,324.725,0.096158976
1,324.725,0.129133056
2,324.725,0.146232064
3,324.725,0.159056896
4,324.725,0.169831936
5,324.725,0.180580096
6,324.725,0.190913024
7,324.725,0.200222976
8,302.084,0.211375104
9,302.084,0.221348096
10,302.084,0.231091968
11,302.084,0.240443904
12,302.084,0.24975488
13,302.084,0.259564032
14,302.084,0.268865024
15,302.084,0.278237952
16,302.084,0.287497984
17,302.084,0.298144
18,302.084,0.30754688
19,302.084,0.316947968
20,302.084,0.326183936
21,302.544,0.335507968
22,302.084,0.345712896
23,302.084,0.354893056
24,302.084,0.364420096
25,302.084,0.373755136
26,302.084,0.38773504
27,302.084,0.39792
28,302.084,0.407196928
29,302.084,0.416536064
30,302.084,0.42597504
31,302.084,0.43514112
32,302.084,0.444596992
33,302.084,0.453688064
34,311.205,0.463640064
35,302.084,0.473075968
36,302.084,0.48381696
37,291.764,0.493312
38,291.764,0.502604032
39,291.764,0.51185408
40,291.764,0.521168128
41,291.764,0.530652928
42,291.764,0.539965952
43,291.764,0.549259008
44,291.764,0.560304128
45,291.764,0.569400064
46,291.764,0.578915072
47,291.764,0.588271104
48,291.764,0.597562112
49,291.764,0.607173888
50,291.764,0.619140096
51,291.764,0.628482048
52,291.764,0.63774208
53,291.764,0.648879104
54,291.764,0.662351104
55,291.764,0.674864128
56,291.764,0.684581888
57,413.602,0.694272
58,291.764,0.705341952
59,291.764,0.71508992
60,291.764,0.72512512
61,291.764,0.734844928
62,291.764,0.744111104
63,291.764,0.753477888
64,291.764,0.763892992
65,291.764,0.774411008
66,319.574,0.783814912
67,291.764,0.79332608
68,349.066,0.802533888
69,291.764,0.812233984
70,291.764,0.82170112
71,291.764,0.83105792
72,291.764,0.840550912
73,291.764,0.849908992
74,291.764,0.859297024
75,291.764,0.869826048
76,291.764,0.882845952
77,291.764,0.895410944
78,291.764,0.908120064
79,291.764,0.920546048
80,291.764,0.933008896
81,291.764,0.945561088
82,291.764,0.958032896
83,291.764,0.97041408
84,291.764,0.983828992
85,291.764,0.995779072
86,291.764,1.005001984
87,291.764,1.015395072
88,291.764,1.024941056
89,291.764,1.034274048
90,300.866,1.043811072
91,307.416,1.05316096
92,291.764,1.06257408
93,291.764,1.072070912
94,291.764,1.081573888
95,291.764,1.090977024
96,291.764,1.10036096
97,291.764,1.10971904
98,291.764,1.119174912
99,295.408,1.129858048
100,291.764,1.139398912
101,291.764,1.148923136
102,291.764,1.15844992
103,291.764,1.167643904
104,291.764,1.177176064
105,291.764,1.188880896
106,291.764,1.200883968
107,291.764,1.211280896
108,291.764,1.220417024
109,291.764,1.229917952
110,291.764,1.239309056
111,291.764,1.248724992
112,231.043,1.26212096
113,231.043,1.27168
114,231.043,1.281231104
115,231.043,1.290496
116,231.043,1.299867904
117,220.507,1.30929408
118,220.507,1.31854208
119,220.507,1.328069888
120,220.507,1.337334016
121,220.507,1.346750976
122,220.507,1.356163072
123,220.507,1.368418048
124,220.507,1.379083008
125,220.507,1.388297984
126,220.507,1.39803008
127,220.507,1.407325952
128,220.507,1.416635904
129,238.651,1.426028032
130,220.507,1.435515904
131,220.507,1.445881088
132,220.507,1.455643904
133,220.507,1.465244928
134,220.507,1.474598912
135,220.507,1.48398592
136,220.507,1.493260032
137,220.507,1.502587904
138,220.507,1.51204096
139,220.507,1.521211136
140,220.507,1.530774016
141,238.532,1.54004992
142,220.507,1.550169088
143,220.507,1.559623936
144,220.507,1.569104128
145,207.570,1.578492928
146,205.530,1.588091136
147,205.530,1.597577984
148,205.530,1.607486976
149,205.530,1.61719296
150,205.530,1.626443008
151,205.530,1.635732992
152,205.530,1.645629952
153,205.530,1.654768128
154,205.530,1.66470912
155,205.530,1.674057984
156,205.530,1.683439104
157,205.530,1.69587712
158,205.530,1.705572096
159,205.530,1.715052032
160,205.530,1.725190912
161,205.530,1.734627072
162,205.530,1.745260032
163,205.530,1.755866112
164,205.530,1.765293056
165,205.530,1.774607104
166,205.530,1.783800064
167,205.530,1.793157888
168,205.530,1.802439936
169,205.530,1.81170304
170,205.530,1.820935936
171,205.530,1.830249984
172,205.530,1.839570944
173,195.078,1.849094912
174,195.078,1.858468096
175,195.078,1.867877888
176,195.078,1.877467904
177,195.078,1.887504128
178,195.078,1.898063104
179,195.078,1.907504896
180,195.078,1.916941056
181,195.078,1.92678912
182,195.078,1.93660288
183,195.078,1.94716288
184,195.078,1.956423936
185,202.040,1.965884928
186,195.078,1.975399936
187,195.078,1.984764928
188,233.222,1.994287104
189,195.078,2.003796992
190,195.078,2.013314048
191,195.078,2.02251392
192,195.078,2.031810048
193,195.078,2.041174016
194,195.078,2.051027968
195,195.078,2.06056704
196,195.078,2.070038016
197,195.078,2.079404032
198,195.078,2.088783104
199,195.078,2.098220032
200,195.078,2.10741504
201,195.078,2.116711936
202,195.078,2.126528
203,195.078,2.135834112
204,195.078,2.145501952
205,202.079,2.154739968
206,178.777,2.164384
207,178.777,2.17387904
208,178.777,2.183628032
209,178.777,2.194707968
210,178.777,2.20499712
211,178.777,2.214561024
212,178.777,2.223846912
213,178.777,2.233275904
214,178.777,2.242681088
215,178.777,2.251990016
216,203.195,2.261552128
217,178.777,2.270868992
218,178.777,2.280422912
219,178.777,2.289712896
220,178.777,2.299077888
221,178.777,2.308541952
222,178.777,2.317812992
223,178.777,2.327343104
224,178.777,2.336704
225,178.777,2.346003968
226,178.777,2.357255936
227,178.777,2.366626048
228,178.777,2.375874048
229,178.777,2.385195008
230,180.364,2.395195904
231,178.777,2.405097984
232,178.777,2.414524928
233,178.777,2.423891968
234,178.777,2.433193984
235,178.777,2.442686976
236,178.777,2.45224704
237,178.777,2.46175104
238,178.777,2.47136
239,178.777,2.480890112
240,178.777,2.490361088
241,178.777,2.500356096
242,178.777,2.509908992
243,178.777,2.519230976
244,178.777,2.528879104
245,178.777,2.53809408
246,178.777,2.547700992
247,178.777,2.557115136
248,178.777,2.566426112
249,178.777,2.575984896
250,177.967,2.58578304
251,177.967,2.595161088
252,177.967,2.604517888
253,177.967,2.61396992
254,177.967,2.623407104
255,177.967,2.632839936
256,177.967,2.642761984
257,177.967,2.65216
258,177.967,2.66165888
259,177.967,2.670852096
260,177.967,2.680404992
261,177.967,2.689698048
262,177.967,2.699725056
263,177.967,2.70932096
264,177.967,2.718686976
265,177.967,2.728112128
266,177.967,2.73761792
267,177.967,2.747079936
268,177.967,2.756601088
269,177.967,2.76612992
270,177.967,2.776175104
271,177.967,2.785782016
272,177.967,2.796466944
273,175.456,2.805786112
274,135.075,2.818290944
275,135.075,2.82887808
276,135.075,2.838159104
277,135.075,2.84797696
278,135.075,2.857359104
279,135.075,2.866813952
280,135.075,2.876410112
281,135.075,2.88573312
282,135.075,2.895397888
283,135.075,2.904856064
284,135.075,2.914803968
285,135.075,2.924411136
286,135.075,2.93386112
287,135.075,2.943252992
288,135.075,2.95298688
289,135.075,2.962363136
290,135.075,2.971627008
291,135.075,2.981164032
292,135.075,2.990534912
293,135.075,2.999915008
294,135.075,3.009292032
295,135.075,3.019012096
296,135.075,3.028548096
297,135.075,3.037744896
298,135.075,3.047919104
299,135.075,3.057387008
300,135.075,3.066754048
301,135.075,3.07620992
302,135.075,3.085691904
303,135.075,3.095137024
304,135.075,3.105953024
305,135.075,3.119134976
306,135.075,3.128688896
307,135.075,3.138025984
308,135.075,3.147390976
309,135.075,3.16088192
310,135.075,3.170338048
311,156.263,3.180410112
312,135.075,3.189793024
313,135.075,3.199227136
314,135.075,3.212071936
315,135.075,3.224423936
316,142.610,3.23492096
317,135.075,3.245886976
318,135.075,3.25706112
319,135.075,3.266486016
320,135.075,3.276056064
321,135.075,3.285434112
322,135.075,3.298750976
323,135.075,3.308670976
324,135.075,3.318970112
325,135.075,3.328451072
326,135.075,3.337050112
327,135.075,3.345050112
328,135.075,3.353204992
329,135.075,3.361368064
330,135.075,3.36938496
331,135.075,3.37759104
332,135.075,3.385782016
333,135.075,3.394072064
334,135.075,3.402113024
335,135.075,3.410363136
336,135.075,3.420928
337,135.075,3.429263104
338,135.075,3.437313024
339,137.453,3.44547712
340,135.075,3.454212096
341,135.075,3.46280192
342,135.075,3.470526976
343,135.075,3.480301056
344,135.075,3.489227008
345,135.075,3.497353984
346,135.075,3.505152
347,135.075,3.513107968
348,135.075,3.521035008
349,135.075,3.529958912
350,135.075,3.53784192
351,135.075,3.545804032
352,133.766,3.553534976
353,133.766,3.561651968
354,133.766,3.56942208
355,133.766,3.577308928
356,133.766,3.585251072
357,133.766,3.593093888
358,133.766,3.600954112
359,133.766,3.608826112
360,133.766,3.617220096
361,133.766,3.625232896
362,133.778,3.633538048
363,133.766,3.641784064
364,133.766,3.649782016
365,133.766,3.65764992
366,133.766,3.665634048
367,133.766,3.673536
368,133.766,3.681432064
369,133.766,3.689305088
370,133.766,3.697374976
371,133.766,3.705124096
372,133.766,3.713803008
373,133.766,3.72154496
374,133.766,3.729669888
375,133.766,3.73748096
376,133.766,3.746113024
377,133.766,3.754110976
378,133.766,3.762123008
379,133.766,3.770082048
380,133.766,3.778196992
381,133.766,3.786467072
382,133.766,3.794502912
383,150.614,3.803026944
384,133.766,3.811645952
385,133.766,3.820542976
386,133.766,3.828838912
387,133.766,3.83703808
388,133.766,3.84528
389,133.766,3.85326208
390,133.766,3.861188096
391,133.766,3.869071104
392,133.766,3.87716992
393,133.766,3.885080064
394,133.766,3.893818112
395,133.766,3.901627136
396,133.766,3.909648128
397,133.766,3.917513984
398,133.766,3.925478912
399,133.766,3.933424896
400,133.766,3.941606912
401,133.766,3.949724928
402,133.766,3.95761408
403,133.766,3.965836032
404,133.766,3.97374208
405,133.766,3.982281984
406,133.766,3.990148096
407,133.766,3.998149888
408,133.766,4.00590208
409,133.766,4.014823936
410,133.766,4.02283392
411,133.766,4.030983936
412,133.766,4.038854912
413,133.766,4.04676608
414,133.766,4.054887936
415,133.766,4.06372096
416,133.766,4.072318976
417,133.766,4.08045312
418,133.766,4.088285952
419,125.541,4.09636096
420,125.541,4.104121088
421,116.853,4.112118016
422,116.853,4.119916032
423,116.853,4.127749888
424,116.853,4.135635968
425,116.853,4.143954944
426,116.853,4.152921088
427,116.853,4.161150976
428,116.853,4.169051904
429,123.726,4.177278976
430,116.853,4.18509312
431,116.853,4.193080064
432,116.853,4.200940032
433,116.853,4.20894208
434,116.853,4.218868992
435,116.853,4.227021056
436,116.853,4.235500032
437,116.853,4.243371008
438,116.853,4.251513088
439,116.853,4.261593088
440,116.853,4.271051008
441,116.853,4.278948096
442,116.853,4.28683008
443,116.853,4.295787008
444,116.853,4.30462208
445,116.853,4.31263104
446,116.853,4.32097408
447,116.853,4.329053952
448,116.853,4.336912896
449,116.853,4.346028032
450,116.853,4.354211072
451,116.853,4.36336
452,116.836,4.37319808
453,116.836,4.381305088
454,116.836,4.390430976
455,116.836,4.399364096
456,116.836,4.408410112
457,116.836,4.416284928
458,116.836,4.424233984
459,116.836,4.432208896
460,116.836,4.440192
461,116.836,4.448335104
462,116.836,4.456408064
463,116.836,4.46686208
464,116.836,4.474960896
465,116.836,4.48336896
466,116.836,4.492009984
467,116.836,4.502337024
468,116.836,4.510452992
469,116.836,4.518374912
470,116.836,4.52644992
471,112.475,4.534230016
472,112.475,4.542281984
473,112.475,4.550187008
474,112.475,4.559936
475,112.475,4.567746048
476,112.475,4.575741952
477,112.475,4.58603392
478,112.475,4.595801088
479,124.103,4.603714048
480,112.475,4.611837952
481,112.475,4.619572992
482,112.475,4.627387136
483,112.475,4.635814912
484,112.475,4.644115968
485,112.475,4.651996928
486,112.475,4.660451072
487,112.475,4.668286976
488,112.475,4.676454912
489,112.475,4.684267008
490,112.475,4.692280064
491,112.475,4.700196096
492,112.475,4.708690944
493,112.475,4.716987904
494,112.475,4.725924096
495,112.475,4.733869056
496,112.475,4.74174592
497,112.475,4.749524992
498,112.475,4.75745792
499,112.475,4.765328896
500,112.475,4.773676032
501,112.475,4.781613056
502,112.475,4.789241088
503,112.475,4.797241088
504,112.475,4.80513792
505,112.475,4.81481088
506,112.469,4.822779136
507,112.469,4.83072896
508,112.469,4.83867904
509,112.469,4.847196928
510,112.469,4.855152896
511,112.469,4.86321792
512,112.469,4.874475008
513,112.469,4.883131904
514,112.469,4.891067136
515,112.469,4.899023104
516,112.478,4.906994944
517,112.469,4.915682048
518,112.469,4.923504128
519,112.469,4.93152512
520,112.469,4.93930112
521,112.469,4.949178112
522,112.469,4.958044928
523,112.469,4.966098944
524,112.469,4.974550016
525,114.610,4.982983936
526,112.469,4.990867968
527,112.469,4.998726912
528,112.469,5.006548992
529,112.469,5.014486016
530,112.469,5.02221696
531,112.469,5.030316032
532,112.469,5.038068992
533,112.469,5.046731008
534,112.469,5.054562048
535,112.469,5.062941952
536,112.469,5.071376128
537,112.469,5.079443968
538,157.927,5.087320064
539,112.469,5.095307008
540,112.469,5.103192064
541,112.469,5.111845888
542,112.469,5.119557888
543,112.469,5.12743296
544,112.469,5.135248896
545,112.469,5.143072
546,112.469,5.150859008
547,112.469,5.158718976
548,112.469,5.1672
549,112.469,5.175841024
550,112.469,5.183737088
551,112.469,5.192710912
552,112.469,5.200537088
553,112.469,5.208731904
554,112.469,5.216739072
555,112.469,5.224990976
556,112.469,5.233430016
557,112.469,5.241392896
558,112.469,5.249225984
559,125.285,5.258220032
560,112.469,5.266445056
561,112.469,5.274401024
562,112.469,5.282329088
563,112.469,5.290191104
564,112.469,5.298884096
565,132.648,5.306838016
566,112.469,5.314928896
567,112.469,5.32578688
568,112.469,5.334884096
569,112.469,5.343023104
570,112.469,5.351614976
571,139.105,5.36020608
572,112.469,5.36802304
573,112.469,5.376178944
574,112.469,5.384131072
575,112.469,5.39191296
576,112.469,5.399804928
577,112.469,5.407670016
578,112.469,5.416103936
579,112.469,5.423971072
580,112.469,5.431951104
581,112.469,5.439715072
582,112.469,5.450821888
583,112.469,5.45941888
584,112.469,5.467201024
585,112.469,5.47652608
586,112.469,5.484664064
587,112.469,5.492498944
588,112.469,5.50046592
589,112.469,5.508336896
590,112.469,5.516152064
591,112.469,5.524058112
592,112.469,5.532484096
593,112.469,5.540364032
594,112.469,5.548367104
595,112.469,5.55611392
596,112.469,5.56491392
597,112.469,5.572659968
598,112.469,5.580748032
599,112.469,5.589184
600,112.469,5.597171968
601,112.469,5.605056
602,112.469,5.61301504
603,112.469,5.62081792
604,112.469,5.62875008
605,112.469,5.636935936
606,112.469,5.644939008
607,87.094,5.652724992
608,87.094,5.660566016
609,87.094,5.66848512
610,87.094,5.676358912
611,87.094,5.684105984
612,87.094,5.692675072
613,87.094,5.700380928
614,87.094,5.70819712
615,87.094,5.71613696
616,87.094,5.723971072
617,87.094,5.73188096
618,77.032,5.740391936
619,77.032,5.748349952
620,77.032,5.75637888
621,66.913,5.764188928
622,66.913,5.771901952
623,66.913,5.779872
624,66.913,5.787587072
625,66.913,5.796144128
626,66.913,5.803764992
627,66.913,5.811536896
628,66.913,5.819380992
629,66.913,5.82717696
630,66.913,5.834811136
631,66.913,5.84336
632,66.913,5.851033088
633,55.490,5.859004928
634,55.490,5.868952064
635,55.490,5.876940032
636,55.490,5.884986112
637,55.490,5.89345792
638,55.490,5.901345024
639,55.490,5.909196032
640,55.490,5.916978944
641,55.490,5.925571072
642,55.490,5.934461952
643,55.490,5.942187008
644,55.490,5.950850048
645,55.490,5.958849024
646,55.490,5.966672896
647,55.490,5.974439936
648,55.490,5.983136
649,55.490,5.991335936
650,55.490,5.999737088
651,55.490,6.007589888
652,55.490,6.015322112
653,55.490,6.02312192
654,55.490,6.030892032
655,55.490,6.038507008
656,55.490,6.046992896
657,55.490,6.05474688
658,55.490,6.062806016
659,55.490,6.070537984
660,55.490,6.079105024
661,55.490,6.08705408
662,55.490,6.095440128
663,55.490,6.103238912
664,55.490,6.11108992
665,55.490,6.118744064
666,55.490,6.126721024
667,55.490,6.134381056
668,55.490,6.14285312
669,55.490,6.150840064
670,55.490,6.158758912
671,55.490,6.166571008
672,55.490,6.175101952
673,55.490,6.184003072
674,55.490,6.192470016
675,55.490,6.203152896
676,51.199,6.211792128
677,51.199,6.219810048
678,49.665,6.22820608
679,49.665,6.237063936
680,49.665,6.245040128
681,49.665,6.25281408
682,49.665,6.26091008
683,49.665,6.268655104
684,49.254,6.276539904
685,49.254,6.285026048
686,49.254,6.292958976
687,49.254,6.300880896
688,49.254,6.308804096
689,49.254,6.316606976
690,49.254,6.325063936
691,49.254,6.332992
692,49.254,6.340900096
693,49.254,6.349594112
694,49.254,6.357406976
695,49.254,6.365403904
696,49.254,6.373893888
697,49.254,6.38181504
698,49.254,6.389607936
699,49.254,6.39848192
700,49.254,6.406565888
701,49.254,6.414994944
702,49.254,6.422907904
703,49.254,6.430849024
704,49.254,6.43860096
705,49.254,6.446726912
706,49.254,6.454437888
707,49.254,6.463013888
708,49.254,6.47086592
709,49.254,6.47925504
710,49.254,6.48916992
711,49.254,6.498415104
712,49.254,6.506771968
713,49.254,6.51504512
714,49.254,6.522928128
715,49.254,6.531056128
716,49.254,6.538919936
717,49.254,6.546881024
718,50.059,6.555143936
719,49.254,6.563175936
720,49.254,6.570921984
721,49.254,6.580760064
722,49.254,6.589622016
723,49.254,6.598622976
724,49.254,6.60646912
725,49.254,6.614610944
726,49.254,6.623100928
727,49.254,6.63135104
728,49.254,6.639778048
729,49.254,6.648933888
730,49.254,6.657616896
731,49.254,6.66539904
732,49.254,6.673286912
733,49.254,6.68154112
734,49.254,6.689355008
735,49.254,6.697776128
736,49.254,6.705485056
737,88.627,6.716839936
738,49.254,6.72586112
739,49.254,6.733895936
740,49.254,6.741842944
741,49.254,6.752382976
742,49.254,6.76068992
743,49.254,6.76897408
744,49.254,6.77707008
745,49.254,6.784818944
746,49.254,6.792838912
747,49.254,6.800826112
748,49.254,6.809218048
749,49.254,6.817037056
750,49.254,6.824828928
751,49.254,6.832598016
752,49.254,6.840883968
753,49.254,6.848822016
754,49.254,6.856532992
755,49.254,6.864566016
756,49.254,6.872297984
757,49.254,6.881534976
758,49.254,6.889516032
759,49.254,6.897394944
760,49.254,6.905410048
761,49.254,6.913901056
762,49.254,6.922384896
763,49.254,6.930363904
764,49.254,6.938107904
765,49.254,6.946874112
766,49.254,6.955230976
767,49.254,6.96340992
768,49.254,6.971256064
769,49.254,6.979124992
770,49.254,6.987009024
771,49.254,6.99550592
772,49.254,7.004324096
773,49.254,7.014121984
774,49.254,7.022242048
775,49.254,7.03172608
776,43.576,7.041435904
777,43.576,7.049452032
778,43.576,7.057360896
779,43.576,7.065167104
780,43.576,7.073287936
781,43.576,7.082802944
782,43.576,7.091155968
783,43.576,7.099451904
784,43.576,7.10741504
785,43.576,7.116001024
786,43.576,7.123824128
787,43.576,7.132411904
788,43.576,7.140339968
789,43.576,7.148256
790,43.576,7.15594496
791,43.576,7.165017088
792,43.576,7.174874112
793,43.576,7.18279808
794,43.576,7.19057408
795,43.576,7.198383104
796,43.576,7.20624
797,43.576,7.214668032
798,43.576,7.222402048
799,43.576,7.230477056
800,43.576,7.23830912
801,43.576,7.247433984
802,43.576,7.255928064
803,43.576,7.263983104
804,43.576,7.271853056
805,46.634,7.279667968
806,53.343,7.287532032
807,43.576,7.295919104
808,43.576,7.305246976
809,43.576,7.313366016
810,43.576,7.321291008
811,43.576,7.329396992
812,43.576,7.33777408
813,43.576,7.345932032
814,43.576,7.353718016
815,43.576,7.36160512
816,43.576,7.369558016
817,43.576,7.378375936
818,43.576,7.386540032
819,43.576,7.394508032
820,43.576,7.402404096
821,43.576,7.41048704
822,43.576,7.419000064
823,43.576,7.427081984
824,43.576,7.434907904
825,43.576,7.44286208
826,43.576,7.451202048
827,43.576,7.45908992
828,43.576,7.466980096
829,43.576,7.474811904
830,43.576,7.48271488
831,43.576,7.491308032
832,43.576,7.499239936
833,43.576,7.507046912
834,43.576,7.51811712
835,43.576,7.52647296
836,43.576,7.534899968
837,43.576,7.54283392
838,43.576,7.550724096
839,43.576,7.558706944
840,43.576,7.567296
841,43.576,7.575161088
842,43.576,7.583088128
843,43.576,7.59088512
844,43.576,7.601212928
845,43.576,7.609793024
846,43.576,7.617651968
847,43.576,7.625641984
848,38.123,7.633356032
849,38.123,7.641171968
850,38.123,7.649082112
851,38.123,7.65725312
852,38.123,7.66520704
853,38.123,7.672897024
854,38.123,7.680833024
855,38.123,7.68881408
856,38.123,7.697360896
857,38.123,7.70515712
858,38.123,7.713195008
859,38.123,7.720994048
860,38.123,7.731248896
861,38.123,7.740563968
862,38.123,7.748715008
863,38.123,7.756427008
864,38.123,7.765067008
865,38.123,7.772761088
866,38.123,7.781315072
867,38.123,7.789086976
868,37.231,7.797051904
869,37.231,7.804971008
870,37.231,7.812939008
871,37.231,7.821218048
872,37.231,7.829374976
873,37.231,7.838739968
874,37.231,7.84708608
875,37.231,7.854796032
876,37.231,7.86338688
877,37.231,7.871162112
878,37.231,7.87919104
879,37.231,7.887271936
880,37.231,7.895286016
881,37.231,7.903692032
882,37.231,7.911732992
883,37.231,7.91952
884,37.231,7.927739136
885,37.231,7.935553024
886,37.231,7.944175104
887,37.231,7.952732928
888,37.231,7.961275904
889,37.231,7.970722048
890,37.231,7.979668992
891,37.231,7.987983104
892,37.231,7.998010112
893,37.231,8.00778112
894,37.231,8.016281088
895,37.231,8.024187136
896,37.231,8.032784128
897,37.231,8.040646912
898,37.231,8.048771072
899,37.231,8.056585984
900,37.231,8.06528896
901,37.231,8.073157888
902,37.231,8.081197056
903,37.231,8.089252096
904,37.231,8.097200128
905,37.231,8.105635072
906,37.231,8.113737984
907,37.231,8.121597952
908,37.231,8.130575104
909,37.231,8.13896192
910,37.231,8.147041024
911,37.231,8.154886912
912,37.231,8.162884096
913,37.231,8.170896896
914,37.231,8.179397888
915,37.231,8.18734592
916,37.231,8.195379968
917,37.231,8.203252992
918,37.231,8.21190912
919,37.231,8.219760128
920,37.231,8.228860928
921,37.231,8.237017088
922,37.231,8.24603008
923,37.231,8.254397952
924,37.231,8.262458112
925,37.231,8.270331136
926,37.231,8.279056128
927,37.231,8.287070976
928,37.231,8.295147008
929,37.231,8.30372608
930,37.231,8.31179392
931,37.231,8.31969408
932,37.231,8.327906048
933,37.231,8.335812096
934,37.231,8.344443904
935,37.231,8.352414976
936,37.231,8.360483072
937,37.231,8.368402944
938,34.696,8.37632
939,34.696,8.38484992
940,34.943,8.392766976
941,34.696,8.400806912
942,34.696,8.40875904
943,34.696,8.416644096
944,34.696,8.425462016
945,34.696,8.433376
946,34.696,8.441142016
947,34.696,8.449146112
948,34.696,8.456918016
949,34.696,8.465184
950,34.696,8.473117952
951,34.696,8.481620992
952,34.696,8.493441024
953,34.696,8.501696
954,34.696,8.510219008
955,34.696,8.518163968
956,34.696,8.528427008
957,34.696,8.537945088
958,34.696,8.546712064
959,34.696,8.554599936
960,34.696,8.562507008
961,34.696,8.570451968
962,34.696,8.578406912
963,34.696,8.586642944
964,34.696,8.594723072
965,34.696,8.602438912
966,34.696,8.610441984
967,34.696,8.618260992
968,34.696,8.626630912
969,34.696,8.63520896
970,34.696,8.643098112
971,34.696,8.650989056
972,34.696,8.659429888
973,27.982,8.667739904
974,27.982,8.67638912
975,27.982,8.684377088
976,27.982,8.692261888
977,27.982,8.700827904
978,27.982,8.70876288
979,27.982,8.71676288
980,27.982,8.725340928
981,27.982,8.734008064
982,27.982,8.741979904
983,27.982,8.750044928
984,27.982,8.75888896
985,27.982,8.767152896
986,27.982,8.777310976
987,27.982,8.786896128
988,27.879,8.79485696
989,27.879,8.802667008
990,27.879,8.81056
991,27.879,8.818780928
992,27.879,8.826878976
993,27.879,8.834729984
994,27.879,8.842625024
995,27.879,8.850587904
996,27.879,8.859073024
997,27.879,8.867162112
998,17.848,8.875008
999,17.848,8.88276992
1000,17.848,8.890697984
1001,17.848,8.899216896
1002,17.848,8.90709504
1003,17.848,8.915179008
1004,17.848,8.922896896
1005,17.848,8.930953984
1006,17.848,8.939490048
1007,17.848,8.948514048
1008,17.848,8.956368896
1009,17.848,8.964347904
1010,17.848,8.97216896
1011,17.848,8.980678912
1012,17.848,8.990454016
1013,17.848,8.998450944
1014,17.848,9.007267072
1015,17.848,9.016185088
1016,17.848,9.024879104
1017,17.848,9.032694016
1018,17.848,9.040513024
1019,18.413,9.048416
1020,17.848,9.056708096
1021,17.848,9.069001984
1022,17.848,9.077292032
1023,17.848,9.085083904
1024,17.848,9.093072128
1025,12.620,9.101799936
1026,12.620,9.109871104
1027,12.620,9.119396096
1028,12.620,9.127461888
1029,12.620,9.135335936
1030,12.620,9.143271936
1031,12.620,9.151929088
1032,12.620,9.162290944
1033,12.620,9.170336
1034,12.620,9.178326016
1035,12.620,9.186306048
1036,12.620,9.194349056
1037,12.620,9.202125056
1038,12.620,9.210827008
1039,12.620,9.218567936
1040,12.779,9.22664704
1041,12.620,9.234541056
1042,12.620,9.242368
1043,12.620,9.250592
1044,12.620,9.259042048
1045,12.620,9.267038976
1046,12.620,9.274966016
1047,12.620,9.282785024
1048,12.620,9.290746112
1049,12.620,9.299305984
1050,12.620,9.308674048
1051,12.620,9.316595968
1052,12.620,9.324409088
1053,12.620,9.332359936
1054,12.620,9.340048896
1055,12.620,9.348819968
1056,12.620,9.356626944
1057,12.620,9.364612096
1058,12.620,9.376573952
1059,12.620,9.384688128
1060,12.620,9.393189888
1061,12.620,9.401894912
1062,12.620,9.411079936
1063,6.274,9.418989056
1064,6.274,9.426853888
1065,6.274,9.434786048
1066,6.274,9.443294976
1067,6.274,9.451068928
1068,6.274,9.459024896
1069,6.274,9.466850048
1070,6.274,9.474661888
1071,4.734,9.486224896
1072,4.734,9.494514944
1073,4.734,9.502471936
1074,4.734,9.51062912
1075,4.734,9.518467072
1076,4.734,9.526973952
1077,4.734,9.53522304
1078,4.734,9.543111936
1079,2.204,9.550939904
1080,2.204,9.559043072
1081,2.204,9.567719936
1082,2.204,9.577110016
1083,2.204,9.584995072
1084,2.204,9.59313408
1085,2.204,9.60093696
1086,1.760,9.609737984
1087,1.760,9.617746944
1088,1.760,9.625579008
1089,1.760,9.633568
1090,1.760,9.641593088
1091,1.760,9.650398976
1092,1.760,9.658503936
1093,1.760,9.666800896
1094,1.760,9.674689024
1095,1.760,9.68257408
1096,1.760,9.690955008
1097,2.050,9.698883072
1098,1.760,9.706875136
1099,1.760,9.715032064
1100,1.760,9.722838016
1101,1.760,9.731490048
1102,1.760,9.73933696
1103,1.760,9.747334912
1104,1.760,9.75533696
1105,1.760,9.763356928
1106,1.760,9.772167936
1107,1.760,9.780164096
1108,1.760,9.788048128
1109,1.760,9.796118016
1110,1.760,9.804591104
1111,1.760,9.812845056
1112,1.760,9.820804096
1113,1.760,9.828719104
1114,1.760,9.836683008
1115,1.760,9.844645888
1116,1.760,9.853024
1117,1.760,9.861084928
1118,1.760,9.869466112
1119,1.760,9.877718016
1120,1.760,9.88560896
1121,1.760,9.893658112
1122,1.092,9.902085888
1123,1.092,9.91010688
1124,1.092,9.91812992
1125,1.092,9.926394112
1126,1.092,9.93464704
1127,1.092,9.94309504
1128,1.092,9.95083904
1129,1.092,9.959073024
1130,1.092,9.967581952
1131,1.092,9.975659008
1132,1.092,9.983685888
1133,1.378,9.99236608
1134,1.092,10.000336128
1135,1.092,10.008098048
1136,0.557,10.01615488
1137,0.557,10.024098048
1138,0.859,10.032400128
1139,0.557,10.040313088
1140,0.557,10.048356096
1141,0.557,10.056350976
1142,0.552,10.06432512
1143,0.552,10.07277312
1144,0.552,10.080985088
1145,0.552,10.088886016
1146,0.552,10.096894976
1147,0.552,10.104698112
1148,0.552,10.11498112
1149,0.552,10.124346112
1150,0.552,10.132435968
1151,0.552,10.140143104
1152,0.552,10.148066048
1153,0.899,10.156057088
1154,0.552,10.164377088
1155,0.552,10.175885056
1156,0.552,10.184340992
1157,0.552,10.192303104
1158,0.552,10.200108032
1159,0.552,10.208667904
1160,0.552,10.21668608
1161,0.552,10.224729088
1162,0.552,10.23349888
1163,0.552,10.241348096
1164,0.552,10.249910016
1165,0.552,10.257721088
1166,0.552,10.265780992
1167,0.552,10.276825088
1168,0.552,10.284770048
1169,0.552,10.293094912
1170,0.552,10.301083904
1171,0.425,10.30899712

Error results for SA
---------------------------
0,209.032,0.008928
1,209.032,0.016996864
2,209.032,0.025317888
3,209.032,0.033568
4,209.032,0.042722816
5,209.032,0.052002816
6,209.032,0.061068032
7,209.032,0.070002944
8,209.032,0.07821184
9,209.032,0.085988864
10,209.032,0.094221056
11,209.032,0.102127872
12,209.032,0.110598912
13,209.032,0.118482944
14,209.032,0.126898944
15,209.032,0.134630912
16,209.032,0.142671872
17,209.032,0.150669824
18,209.032,0.159385856
19,209.032,0.167888896
20,209.032,0.175838976
21,209.032,0.183707904
22,209.032,0.191868928
23,209.032,0.199858944
24,209.032,0.208427008
25,209.032,0.216253952
26,209.032,0.224096
27,209.032,0.23170304
28,209.032,0.240246016
29,204.988,0.248027904
30,204.988,0.256141824
31,204.988,0.264091904
32,204.988,0.271961856
33,204.988,0.28025984
34,204.988,0.288037888
35,204.988,0.295949824
36,204.988,0.303707904
37,204.988,0.312094976
38,204.988,0.31987584
39,204.988,0.327800832
40,204.988,0.335758848
41,204.988,0.345570048
42,204.988,0.353922816
43,204.988,0.361799936
44,204.988,0.369609984
45,204.988,0.377885952
46,204.988,0.38572288
47,204.988,0.393528832
48,204.988,0.402233856
49,203.706,0.410205952
50,203.706,0.418327808
51,203.706,0.426483968
52,203.706,0.434338816
53,203.706,0.442246912
54,203.706,0.450137856
55,211.272,0.458619904
56,211.272,0.466413056
57,211.272,0.474192896
58,211.272,0.481810944
59,211.272,0.489740032
60,211.272,0.498209024
61,211.272,0.50699904
62,211.272,0.51602304
63,211.272,0.524258816
64,211.272,0.53463296
65,211.272,0.542669824
66,211.272,0.550998016
67,211.272,0.558937856
68,211.272,0.566625024
69,211.272,0.575030016
70,211.272,0.58308096
71,211.272,0.591036928
72,211.272,0.59931904
73,211.272,0.607556864
74,211.272,0.615411968
75,211.272,0.623405056
76,211.272,0.631068928
77,211.272,0.638931968
78,211.272,0.647284992
79,196.414,0.65508992
80,196.414,0.662736896
81,196.414,0.670679808
82,196.414,0.678338048
83,196.414,0.685917952
84,196.414,0.694350848
85,196.414,0.702167808
86,196.414,0.710059008
87,196.414,0.71773696
88,196.414,0.726398976
89,196.414,0.734300928
90,196.414,0.742729984
91,196.414,0.751868928
92,196.414,0.759849984
93,196.414,0.767881984
94,196.414,0.776505856
95,196.414,0.784129024
96,196.414,0.792647936
97,196.414,0.800272896
98,196.414,0.808051968
99,196.414,0.815924992
100,196.414,0.823800832
101,196.414,0.831503872
102,196.414,0.839923968
103,196.414,0.847670016
104,196.414,0.855867904
105,196.414,0.864588032
106,196.414,0.872449024
107,196.414,0.880932864
108,196.414,0.889174016
109,196.414,0.896984832
110,196.414,0.90468992
111,196.414,0.91229184
112,196.414,0.920019968
113,196.414,0.928231936
114,196.414,0.935938816
115,196.414,0.943887872
116,196.414,0.951506944
117,196.414,0.95959296
118,252.169,0.967431936
119,252.169,0.975740928
120,252.169,0.98602496
121,252.169,0.994473984
122,252.169,1.002322944
123,252.169,1.01001984
124,252.169,1.018355968
125,252.169,1.026168064
126,252.169,1.033739008
127,252.169,1.04226304
128,252.169,1.049935872
129,252.169,1.057796864
130,252.169,1.066278912
131,252.169,1.074318848
132,252.169,1.083832832
133,252.169,1.094144
134,252.169,1.101922048
135,252.169,1.112344832
136,252.169,1.120708864
137,252.169,1.12863104
138,252.169,1.136429056
139,252.169,1.146590976
140,252.169,1.155478016
141,252.169,1.163325952
142,252.169,1.171134976
143,252.169,1.178800896
144,252.169,1.18656384
145,252.169,1.194930944
146,252.169,1.202610944
147,252.169,1.21293696
148,252.169,1.22226688
149,252.169,1.230041856
150,252.169,1.237957888
151,252.169,1.246278912
152,252.169,1.254021888
153,252.169,1.26184192
154,252.169,1.26968704
155,252.169,1.277432832
156,252.169,1.285775872
157,252.169,1.293586944
158,252.169,1.30121088
159,252.169,1.309088
160,252.169,1.316697856
161,252.169,1.325122048
162,264.852,1.333069824
163,264.852,1.340920064
164,330.753,1.348734976
165,330.753,1.359070976
166,330.753,1.36837504
167,351.054,1.376139008
168,432.703,1.387886848
169,432.703,1.39606784
170,432.703,1.404338944
171,432.703,1.412249856
172,432.703,1.423874816
173,432.703,1.431858944
174,432.703,1.439696896
175,432.703,1.448123904
176,432.703,1.456046848
177,432.703,1.467302912
178,432.703,1.475726848
179,432.703,1.483493888
180,432.703,1.492101888
181,432.703,1.50024704
182,432.703,1.508140032
183,432.703,1.515814912
184,432.703,1.524395008
185,432.703,1.532111872
186,432.703,1.540038912
187,432.703,1.547910912
188,432.703,1.555892992
189,432.703,1.56422784
190,432.703,1.572032
191,432.703,1.579886848
192,432.703,1.58773504
193,432.703,1.596252928
194,432.703,1.604147968
195,432.703,1.611924992
196,432.703,1.620011008
197,432.703,1.629499904
198,432.703,1.637308928
199,432.703,1.645801984
200,432.703,1.653711872
201,432.703,1.661643008
202,432.703,1.669876992
203,432.703,1.678160896
204,432.703,1.686520832
205,357.664,1.694351872
206,357.664,1.702016
207,357.664,1.710104832
208,357.664,1.717939968
209,357.664,1.726054912
210,347.955,1.734392064
211,347.955,1.74232192
212,347.955,1.750386944
213,347.955,1.760877056
214,347.955,1.769682944
215,347.955,1.778777856
216,347.955,1.790028032
217,347.955,1.798349056
218,347.955,1.80616192
219,347.955,1.813980928
220,347.955,1.82230784
221,347.955,1.830087936
222,347.955,1.83829888
223,347.955,1.846608896
224,347.955,1.854596864
225,347.955,1.862853888
226,347.955,1.870717952
227,347.955,1.878542848
228,347.955,1.88824192
229,347.955,1.896389888
230,347.955,1.904806912
231,347.955,1.912676864
232,347.955,1.92049792
233,322.996,1.928199936
234,322.996,1.936006912
235,322.996,1.944338944
236,322.996,1.95200384
237,322.996,1.959879936
238,322.996,1.970579968
239,322.996,1.979035904
240,322.996,1.987384064
241,322.996,1.996068864
242,322.226,2.00411904
243,322.226,2.012013824
244,322.226,2.020225024
245,322.226,2.02810496
246,322.226,2.035870976
247,322.226,2.043616
248,322.226,2.051397888
249,322.226,2.059774976
250,322.226,2.067481856
251,322.226,2.075518976
252,322.226,2.083244032
253,322.226,2.091216896
254,322.226,2.09966592
255,322.226,2.107855872
256,322.226,2.11752192
257,357.829,2.127714816
258,357.829,2.136153856
259,357.829,2.144239872
260,343.529,2.151968
261,343.529,2.159984896
262,343.529,2.167864832
263,343.529,2.176248064
264,343.529,2.184092928
265,343.529,2.192226816
266,343.529,2.19995904
267,343.529,2.208610048
268,334.120,2.21701888
269,334.120,2.225122048
270,334.120,2.233042944
271,334.120,2.240956928
272,334.120,2.249484032
273,334.120,2.257469952
274,334.120,2.265382912
275,334.120,2.273358848
276,334.120,2.281486848
277,373.880,2.289558016
278,373.880,2.297275904
279,373.880,2.305106944
280,373.880,2.313680896
281,373.880,2.321560832
282,373.880,2.329272832
283,373.880,2.336962048
284,373.880,2.34468096
285,373.880,2.352997888
286,373.880,2.360974848
287,373.880,2.368612864
288,373.880,2.376562944
289,373.880,2.384248064
290,373.880,2.392082944
291,373.880,2.399849984
292,373.880,2.40809088
293,373.880,2.415948032
294,373.880,2.424023808
295,373.880,2.431712
296,373.880,2.440103936
297,373.880,2.44784384
298,373.880,2.456075008
299,373.880,2.46390784
300,373.880,2.471687936
301,373.880,2.479371008
302,373.880,2.487160064
303,373.880,2.49500288
304,373.880,2.503369984
305,373.880,2.511282944
306,373.880,2.518931968
307,373.880,2.52690688
308,373.880,2.534608896
309,373.880,2.542448896
310,373.880,2.55083904
311,373.880,2.558753024
312,373.880,2.566446848
313,453.600,2.57449088
314,453.600,2.582178816
315,453.600,2.590046976
316,453.600,2.598512896
317,408.695,2.60641792
318,408.695,2.614850048
319,408.695,2.622992896
320,408.695,2.630753024
321,408.695,2.63872896
322,408.695,2.646882816
323,408.695,2.654742016
324,408.695,2.66251904
325,408.695,2.670351872
326,408.695,2.678237952
327,408.695,2.68610688
328,408.695,2.694360832
329,516.503,2.702151936
330,516.503,2.710029056
331,516.503,2.71776384
332,516.503,2.728188928
333,516.503,2.73686784
334,516.503,2.744726016
335,516.503,2.752521984
336,516.503,2.761317888
337,516.503,2.769296896
338,516.503,2.777476864
339,516.503,2.785852928
340,516.503,2.793696
341,516.503,2.801846016
342,516.503,2.810017024
343,516.503,2.817775872
344,516.503,2.827416832
345,516.503,2.836916992
346,516.503,2.846338048
347,516.503,2.855175936
348,516.503,2.86333696
349,516.503,2.871495936
350,516.503,2.881826816
351,516.503,2.890733824
352,516.503,2.900048896
353,516.503,2.907899904
354,516.503,2.915670016
355,516.503,2.923874048
356,516.503,2.932152832
357,516.503,2.940140032
358,498.700,2.947814912
359,498.700,2.955640832
360,498.700,2.963627008
361,498.700,2.971931904
362,498.700,2.979749888
363,498.700,2.987584
364,498.700,2.997720832
365,498.700,3.005601024
366,498.700,3.013733888
367,498.700,3.022041856
368,498.700,3.029912832
369,498.700,3.038081024
370,498.700,3.045831936
371,498.700,3.053582848
372,498.700,3.062053888
373,498.700,3.069900032
374,498.700,3.07767296
375,498.700,3.089421056
376,498.700,3.097474816
377,498.700,3.106323968
378,498.700,3.114245888
379,498.700,3.12267904
380,498.700,3.130942976
381,498.700,3.139076864
382,498.700,3.14781696
383,498.700,3.155737856
384,498.700,3.163410944
385,498.700,3.171150848
386,498.700,3.178924032
387,498.700,3.187219968
388,498.700,3.195211008
389,498.700,3.202885888
390,498.700,3.21055104
391,498.700,3.218349824
392,498.700,3.226626816
393,498.700,3.234411008
394,498.700,3.242377984
395,498.700,3.25007488
396,498.700,3.258050048
397,498.700,3.266382848
398,498.700,3.275699968
399,498.700,3.28488192
400,498.700,3.292805888
401,498.700,3.300578048
402,498.700,3.308902912
403,498.700,3.316734976
404,498.700,3.326236928
405,498.700,3.335279872
406,439.008,3.343053056
407,439.008,3.351254016
408,439.008,3.359106048
409,439.008,3.36672
410,439.008,3.374642944
411,439.008,3.383207936
412,439.008,3.391307008
413,439.008,3.399220992
414,439.008,3.407109888
415,439.008,3.414918912
416,439.008,3.42352896
417,439.008,3.43122304
418,439.008,3.439190016
419,439.008,3.446926848
420,439.008,3.455205888
421,439.008,3.463022848
422,439.008,3.470966016
423,439.008,3.479186944
424,439.008,3.48701696
425,439.008,3.495195904
426,439.008,3.503000832
427,439.008,3.510765056
428,439.008,3.518363904
429,439.008,3.526855936
430,439.008,3.53492992
431,439.008,3.543366912
432,439.008,3.550971904
433,439.008,3.558768896
434,439.008,3.567197952
435,439.008,3.575170816
436,439.008,3.583132928
437,439.008,3.591090944
438,439.008,3.599332864
439,439.008,3.607341056
440,439.008,3.615072
441,439.008,3.622871808
442,439.008,3.631161856
443,439.008,3.639197952
444,439.008,3.647101952
445,439.008,3.655451904
446,439.008,3.665728
447,439.008,3.67380992
448,439.008,3.682045952
449,439.008,3.690014976
450,439.008,3.697793024
451,439.008,3.705922048
452,439.008,3.71378688
453,439.008,3.722242816
454,439.735,3.730085888
455,439.735,3.737829888
456,439.735,3.745897984
457,439.735,3.753616896
458,439.735,3.761776896
459,439.735,3.769496832
460,439.735,3.779389952
461,439.735,3.78856704
462,439.735,3.796251904
463,439.735,3.804805888
464,439.735,3.812527872
465,439.735,3.820244992
466,439.735,3.828192
467,439.735,3.835940864
468,439.735,3.844609024
469,439.735,3.85247104
470,439.735,3.860219904
471,486.346,3.867996928
472,486.346,3.876472832
473,486.346,3.884269824
474,486.346,3.892449024
475,468.644,3.900164864
476,468.644,3.908115968
477,468.644,3.916306944
478,468.644,3.924199936
479,468.644,3.932119808
480,468.644,3.940466944
481,468.644,3.948590848
482,468.644,3.957078016
483,468.644,3.964912896
484,468.644,3.972950016
485,468.644,3.98323584
486,468.644,3.992444928
487,468.644,4.000637952
488,468.644,4.00859392
489,468.644,4.016207872
490,468.644,4.023959808
491,468.644,4.032210944
492,468.644,4.041106944
493,468.644,4.050748928
494,468.644,4.058665984
495,468.644,4.066461952
496,468.644,4.074779904
497,468.644,4.082558976
498,468.644,4.090573056
499,468.644,4.098256896
500,468.644,4.106221056
501,468.644,4.114316032
502,468.644,4.122195968
503,523.509,4.130227968
504,523.509,4.138224896
505,523.509,4.146124032
506,523.509,4.154681856
507,523.509,4.162544896
508,523.509,4.17046784
509,523.509,4.178390016
510,523.509,4.186222848
511,523.509,4.194451968
512,523.509,4.202835968
513,523.509,4.210884864
514,523.509,4.218690816
515,523.509,4.22655104
516,523.509,4.234414848
517,523.509,4.242811904
518,523.509,4.250700032
519,523.509,4.260267008
520,523.509,4.269750016
521,523.509,4.277639936
522,523.509,4.286002944
523,523.509,4.293968896
524,523.509,4.301650944
525,523.509,4.309698816
526,523.509,4.317531904
527,523.509,4.326089984
528,523.509,4.333936896
529,523.509,4.341922048
530,523.509,4.349708032
531,523.509,4.357586944
532,410.875,4.365725952
533,410.875,4.373739008
534,424.443,4.381422848
535,424.443,4.389531904
536,406.283,4.397401856
537,406.283,4.405794816
538,406.283,4.41364992
539,406.283,4.42145792
540,406.283,4.429134848
541,406.283,4.436955904
542,406.283,4.44596096
543,406.283,4.453984
544,406.283,4.461870848
545,403.822,4.469602048
546,403.822,4.477660928
547,403.822,4.486023936
548,403.822,4.493869824
549,299.835,4.501819904
550,299.835,4.50972288
551,299.835,4.518159872
552,160.490,4.526191872
553,160.490,4.534057984
554,160.490,4.542145024
555,160.490,4.549939968
556,160.490,4.558448896
557,160.490,4.566238976
558,160.490,4.57405696
559,160.490,4.581861888
560,160.490,4.590245888
561,160.490,4.598039808
562,160.490,4.606096896
563,160.490,4.613913856
564,173.996,4.621732864
565,173.996,4.630512896
566,173.996,4.638482944
567,173.996,4.646274816
568,173.996,4.653927936
569,173.996,4.662672896
570,173.996,4.670444032
571,173.996,4.678176
572,173.996,4.685805056
573,173.996,4.69377792
574,173.996,4.701968896
575,173.996,4.710013952
576,173.996,4.717732864
577,173.996,4.725711872
578,173.996,4.73415296
579,173.996,4.741976832
580,173.996,4.749925888
581,173.996,4.757881856
582,173.996,4.76581504
583,173.996,4.774302976
584,173.996,4.782061056
585,173.996,4.789965824
586,173.996,4.79781504
587,173.996,4.805570048
588,173.996,4.813922048
589,173.996,4.82175488
590,173.996,4.829577984
591,173.996,4.837420032
592,173.996,4.845261056
593,173.996,4.853504
594,173.996,4.861540864
595,173.996,4.86928384
596,173.996,4.877116928
597,173.996,4.88498304
598,174.369,4.892900864
599,174.369,4.901213952
600,174.369,4.909154816
601,174.369,4.916841984
602,174.369,4.924965888
603,174.369,4.932756992
604,174.369,4.942423808
605,174.369,4.950850048
606,174.369,4.958823936
607,174.369,4.96666496
608,174.369,4.976523008
609,174.369,4.984395008
610,156.179,4.992443904
611,156.179,5.00084096
612,156.179,5.008761856
613,156.179,5.01662592
614,156.179,5.024772864
615,156.179,5.032441856
616,156.179,5.040440832
617,156.179,5.04877696
618,156.179,5.05684096
619,156.179,5.066087936
620,156.179,5.074135808
621,156.179,5.081956864
622,156.179,5.089782016
623,156.179,5.098209024
624,156.179,5.10621184
625,156.179,5.11391488
626,156.179,5.122343936
627,156.179,5.133037056
628,156.179,5.14116096
629,156.179,5.149360896
630,156.179,5.157389056
631,156.179,5.165176832
632,156.179,5.173007872
633,156.179,5.18084096
634,156.179,5.188592896
635,156.179,5.197081856
636,156.179,5.204866048
637,156.179,5.215318016
638,156.179,5.223475968
639,156.179,5.231277824
640,156.179,5.239830016
641,156.179,5.247500032
642,149.129,5.255308032
643,149.129,5.263104
644,149.129,5.270904064
645,149.129,5.278893824
646,149.129,5.287288064
647,149.129,5.295054848
648,149.129,5.30285696
649,149.129,5.31065088
650,149.129,5.31831296
651,149.129,5.32673792
652,149.129,5.334652928
653,149.129,5.342606848
654,149.129,5.350273024
655,149.129,5.358038016
656,149.129,5.365846016
657,149.129,5.37413888
658,149.129,5.38201088
659,149.129,5.389989888
660,149.129,5.397677056
661,149.129,5.405459968
662,149.129,5.414057984
663,149.129,5.421900032
664,149.129,5.429669888
665,149.129,5.437451008
666,149.129,5.445143808
667,149.129,5.453382912
668,149.129,5.461202944
669,149.129,5.468814848
670,139.681,5.476790016
671,139.681,5.485062912
672,139.681,5.493583872
673,139.681,5.50141696
674,139.681,5.509417984
675,139.681,5.517382912
676,138.340,5.525284864
677,138.340,5.533067008
678,138.340,5.541761024
679,138.340,5.54955904
680,138.340,5.557506816
681,138.340,5.565125888
682,138.340,5.572868864
683,138.340,5.581403904
684,138.340,5.589421056
685,138.340,5.599310848
686,138.340,5.607303936
687,138.340,5.615326976
688,138.340,5.624043008
689,138.340,5.631759872
690,138.340,5.639981056
691,138.340,5.648272896
692,138.340,5.656343808
693,138.340,5.664688896
694,138.340,5.676046848
695,138.340,5.684830976
696,138.340,5.69281792
697,138.340,5.701080832
698,138.340,5.709455872
699,138.340,5.717300992
700,138.340,5.725369856
701,138.340,5.733188864
702,138.340,5.741583872
703,138.340,5.749561856
704,138.340,5.758028032
705,138.340,5.766187008
706,138.340,5.774082048
707,138.340,5.78239488
708,138.340,5.790621952
709,138.340,5.798542848
710,138.340,5.806654976
711,138.340,5.814475008
712,138.340,5.822996992
713,138.340,5.83109504
714,138.340,5.83908096
715,138.340,5.846981888
716,138.340,5.855411968
717,138.340,5.863186944
718,138.340,5.871329024
719,138.340,5.879858944
720,138.340,5.887794944
721,138.340,5.896316928
722,138.340,5.904157952
723,138.340,5.912162048
724,138.340,5.919888896
725,138.340,5.928413952
726,138.340,5.936229888
727,138.340,5.944436992
728,138.340,5.952263936
729,138.340,5.960652032
730,138.340,5.968358912
731,138.340,5.976342016
732,138.340,5.984016896
733,138.340,5.992050944
734,138.340,6.00042496
735,138.340,6.00837888
736,138.340,6.016279808
737,138.340,6.024604928
738,138.340,6.033304832
739,138.340,6.041179904
740,138.340,6.048916992
741,138.340,6.057060864
742,138.340,6.065431808
743,138.340,6.073477888
744,138.340,6.081285888
745,138.340,6.089154048
746,138.340,6.097054976
747,138.340,6.105369856
748,138.340,6.113145856
749,138.340,6.12104192
750,138.340,6.12893184
751,138.340,6.136731904
752,138.340,6.144717056
753,138.340,6.153133824
754,138.340,6.161353984
755,138.340,6.169080832
756,138.340,6.17703296
757,138.340,6.184937984
758,138.340,6.193442048
759,138.340,6.201344
760,138.340,6.209349888
761,138.340,6.217138944
762,138.340,6.225249024
763,138.340,6.233614848
764,218.568,6.241545984
765,138.340,6.249344
766,138.340,6.257517056
767,138.340,6.266067968
768,138.340,6.273921024
769,138.340,6.281618944
770,138.340,6.290086912
771,138.340,6.298360064
772,138.340,6.306939904
773,138.340,6.314606848
774,134.960,6.322337024
775,134.960,6.330233856
776,134.960,6.338021888
777,134.960,6.346447872
778,134.960,6.354340864
779,134.960,6.362188032
780,134.960,6.370049024
781,134.960,6.377980928
782,134.960,6.386260992
783,134.960,6.39440384
784,134.960,6.405179904
785,192.445,6.413966848
786,134.960,6.422528
787,134.960,6.430288896
788,134.960,6.438113024
789,134.960,6.447851008
790,134.960,6.456594944
791,134.960,6.465075968
792,134.960,6.472973056
793,134.960,6.480996864
794,101.649,6.488883968
795,101.649,6.497255936
796,101.649,6.505131008
797,101.649,6.515214848
798,101.649,6.523824896
799,101.649,6.531728896
800,101.649,6.540272896
801,101.649,6.548069888
802,101.649,6.556229888
803,101.649,6.564188928
804,101.649,6.572768
805,101.649,6.583206912
806,101.649,6.592566016
807,101.649,6.600290816
808,101.649,6.608339968
809,101.649,6.616087808
810,101.649,6.624728832
811,101.649,6.632652032
812,101.649,6.64080384
813,101.649,6.648953856
814,101.649,6.656989952
815,101.649,6.665282048
816,101.649,6.673282816
817,101.649,6.681021952
818,101.649,6.689005056
819,101.649,6.697886976
820,101.649,6.706782976
821,101.649,6.71460992
822,101.649,6.722953984
823,101.649,6.731083008
824,101.649,6.738992896
825,101.649,6.747468032
826,101.649,6.755329024
827,101.649,6.763035904
828,78.031,6.770811904
829,78.031,6.778616064
830,78.031,6.787122944
831,78.031,6.795296
832,78.031,6.803212032
833,78.031,6.811695872
834,78.031,6.819449856
835,78.031,6.827996928
836,78.031,6.836386816
837,78.031,6.844720896
838,78.031,6.852592896
839,78.031,6.86046592
840,78.031,6.868914944
841,78.031,6.876845056
842,78.031,6.884619008
843,78.031,6.892636928
844,78.031,6.90096384
845,78.031,6.908850944
846,78.031,6.917296896
847,78.031,6.926541056
848,78.031,6.935696896
849,78.031,6.94415104
850,78.031,6.952002048
851,78.031,6.959888896
852,78.031,6.96769792
853,78.031,6.975608064
854,78.031,6.983826944
855,78.031,6.991859968
856,78.031,6.999721984
857,78.031,7.007762944
858,78.031,7.016162048
859,78.031,7.025339904
860,78.031,7.033470976
861,78.031,7.041261056
862,78.031,7.049336064
863,78.031,7.057734912
864,78.031,7.065488896
865,78.031,7.074214912
866,78.031,7.082910976
867,78.031,7.09141888
868,78.031,7.102465024
869,78.031,7.111186944
870,78.031,7.119590912
871,78.031,7.127472896
872,78.031,7.135634944
873,78.031,7.143614976
874,78.031,7.151288832
875,78.031,7.161202944
876,78.031,7.170441984
877,78.031,7.179294976
878,78.031,7.187068928
879,78.031,7.195949824
880,78.031,7.204338944
881,78.031,7.212303872
882,78.031,7.220824832
883,78.031,7.228664832
884,78.031,7.238017024
885,78.031,7.245913856
886,78.031,7.253708032
887,78.031,7.261410816
888,78.031,7.269097984
889,78.031,7.277675008
890,78.031,7.285470976
891,78.031,7.294198016
892,78.031,7.301952
893,78.031,7.309858048
894,78.031,7.31813888
895,78.031,7.326296832
896,78.031,7.334155008
897,78.031,7.341985024
898,78.031,7.34964096
899,78.031,7.358194944
900,78.031,7.365835008
901,78.031,7.373828864
902,78.031,7.38165888
903,78.031,7.389584896
904,78.031,7.398027008
905,78.031,7.405862912
906,78.031,7.413746944
907,78.031,7.421602816
908,78.031,7.429506048
909,78.031,7.438006016
910,78.031,7.445794048
911,78.031,7.453423872
912,78.031,7.462688
913,78.031,7.470781952
914,78.031,7.479260928
915,78.031,7.487117056
916,78.031,7.497314048
917,78.031,7.505611008
918,78.031,7.513357056
919,78.031,7.521660928
920,78.031,7.529718016
921,78.031,7.537485824
922,78.031,7.545275904
923,78.031,7.553021952
924,78.031,7.561665024
925,78.031,7.569374976
926,78.031,7.577470976
927,78.031,7.58527104
928,78.031,7.593671936
929,78.031,7.601515008
930,78.031,7.609419008
931,78.031,7.617195008
932,78.031,7.625202944
933,78.031,7.633495808
934,78.031,7.641500928
935,78.031,7.649165056
936,78.031,7.65785984
937,78.031,7.666274816
938,78.031,7.674747904
939,60.443,7.682610944
940,60.443,7.691056896
941,60.443,7.699172864
942,60.443,7.707588864
943,60.443,7.718946048
944,81.486,7.727484928
945,60.443,7.736068864
946,60.443,7.745467904
947,60.443,7.754276864
948,60.443,7.762383872
949,60.443,7.770158848
950,60.443,7.777901824
951,60.443,7.785549824
952,60.443,7.79405184
953,60.443,7.801757952
954,60.443,7.809698816
955,60.443,7.81737088
956,60.443,7.826998016
957,60.443,7.836722944
958,60.443,7.844617984
959,60.443,7.852248832
960,60.443,7.862061824
961,60.443,7.870989056
962,60.443,7.87955584
963,60.443,7.887932928
964,60.443,7.896098048
965,60.443,7.903859968
966,98.280,7.91164288
967,60.443,7.920002816
968,60.443,7.927977984
969,60.443,7.935860992
970,60.443,7.943800064
971,60.443,7.951449856
972,60.443,7.960478976
973,60.443,7.968336896
974,60.443,7.97624704
975,60.443,7.98416
976,60.443,7.991990016
977,60.443,7.999596032
978,60.443,8.007490816
979,60.443,8.015666944
980,60.443,8.023565056
981,57.432,8.031467008
982,57.432,8.03944704
983,57.432,8.04731392
984,57.432,8.055250944
985,57.432,8.063609856
986,57.432,8.071531008
987,56.548,8.079382016
988,56.548,8.087132928
989,56.548,8.095183872
990,56.548,8.102904064
991,56.548,8.111490048
992,56.548,8.119266816
993,56.548,8.127078912
994,56.548,8.134876928
995,56.548,8.142713856
996,56.548,8.15085184
997,56.548,8.15890304
998,56.548,8.166738944
999,56.548,8.175366912
1000,55.719,8.183186944
1001,55.719,8.19109888
1002,55.719,8.19953792
1003,55.719,8.20741888
1004,55.719,8.215982848
1005,55.719,8.223888896
1006,55.719,8.231737856
1007,55.719,8.239901952
1008,55.719,8.248751872
1009,84.870,8.256812032
1010,55.719,8.264539904
1011,55.719,8.272368896
1012,55.719,8.280256
1013,55.719,8.288101888
1014,55.719,8.296239872
1015,55.719,8.304199936
1016,55.719,8.312692992
1017,55.719,8.320580864
1018,55.719,8.328414976
1019,55.719,8.336665856
1020,55.719,8.344836864
1021,55.719,8.352461824
1022,55.719,8.360364032
1023,55.719,8.368088832
1024,55.719,8.375905024
1025,55.719,8.384397824
1026,55.719,8.392482048
1027,55.719,8.40025984
1028,55.719,8.408397824
1029,55.719,8.416524032
1030,55.719,8.425372928
1031,55.719,8.43307904
1032,55.719,8.441918976
1033,55.719,8.450540032
1034,55.719,8.45851904
1035,55.719,8.466516992
1036,55.719,8.475084032
1037,55.719,8.483090944
1038,55.719,8.491074048
1039,55.719,8.498770944
1040,55.719,8.506786048
1041,55.719,8.51498496
1042,55.719,8.52292992
1043,55.719,8.530776832
1044,75.851,8.538612992
1045,55.719,8.54652288
1046,55.719,8.55506688
1047,55.719,8.56421888
1048,55.719,8.572327936
1049,55.719,8.580194816
1050,55.719,8.588269824
1051,55.719,8.596041984
1052,55.719,8.604344064
1053,55.719,8.614596864
1054,55.719,8.622948864
1055,55.719,8.630722816
1056,55.719,8.63850496
1057,55.719,8.646990848
1058,55.719,8.654844928
1059,55.719,8.66279296
1060,55.719,8.670671872
1061,55.719,8.678450944
1062,55.719,8.686875904
1063,55.719,8.694829056
1064,55.719,8.702541056
1065,55.719,8.710701824
1066,55.719,8.718475008
1067,55.719,8.727026944
1068,55.719,8.73472384
1069,55.719,8.74260992
1070,55.719,8.750635008
1071,55.719,8.758604032
1072,55.719,8.766881024
1073,55.719,8.77485696
1074,55.719,8.782625024
1075,55.719,8.79069184
1076,55.719,8.801592064
1077,55.719,8.810733824
1078,55.719,8.818477824
1079,55.719,8.82652288
1080,55.719,8.834246912
1081,55.719,8.842752
1082,55.719,8.85049984
1083,55.719,8.858667008
1084,55.719,8.86649088
1085,55.719,8.874369024
1086,55.719,8.882744064
1087,55.719,8.890774016
1088,55.719,8.898566912
1089,50.704,8.906596864
1090,50.704,8.914436864
1091,50.704,8.922973952
1092,50.704,8.930918912
1093,57.948,8.938804992
1094,50.704,8.946605824
1095,50.704,8.955037952
1096,50.704,8.963138816
1097,50.704,8.97092096
1098,50.704,8.978843904
1099,50.704,8.986596864
1100,50.704,8.995508992
1101,50.704,9.003867904
1102,50.704,9.011886848
1103,50.704,9.019708928
1104,50.704,9.027531008
1105,50.704,9.035403008
1106,50.704,9.043710976
1107,50.704,9.051545856
1108,50.704,9.059598848
1109,50.704,9.067488
1110,50.704,9.075500032
1111,50.704,9.083799808
1112,50.704,9.092564992
1113,50.704,9.100549888
1114,50.704,9.108450816
1115,50.704,9.116440832
1116,50.704,9.12444288
1117,50.704,9.13271296
1118,50.704,9.140647936
1119,50.704,9.148382976
1120,50.704,9.156409856
1121,50.704,9.164339968
1122,50.704,9.172695808
1123,50.704,9.180897024
1124,50.704,9.18943104
1125,50.704,9.197358848
1126,50.704,9.205186048
1127,50.704,9.213569024
1128,96.927,9.222541824
1129,50.704,9.23033984
1130,50.704,9.238679808
1131,50.704,9.247250944
1132,50.704,9.255788032
1133,50.704,9.263846912
1134,50.704,9.271713024
1135,50.704,9.280432896
1136,50.704,9.288315904
1137,50.704,9.296902912
1138,50.704,9.304790016
1139,50.704,9.31261184
1140,50.704,9.320525824
1141,51.230,9.328326912
1142,50.704,9.336976896
1143,50.704,9.34560384
1144,50.704,9.35334784
1145,50.704,9.36127104
1146,50.704,9.36923904
1147,50.704,9.37776896
1148,50.704,9.385502976
1149,50.704,9.393468928
1150,50.704,9.401376
1151,51.646,9.409294848
1152,50.704,9.417697024
1153,50.704,9.426391808
1154,50.704,9.434670848
1155,50.704,9.442712832
1156,50.704,9.450860032
1157,50.704,9.458974976
1158,50.704,9.466884864
1159,50.704,9.474944
1160,50.704,9.482872064
1161,50.704,9.491291904
1162,50.704,9.49930496
1163,50.704,9.507565056
1164,50.704,9.51565184
1165,50.704,9.524143872
1166,50.704,9.53199488
1167,50.704,9.540386816
1168,50.704,9.550155008
1169,50.704,9.558206976
1170,50.704,9.566382848
1171,50.704,9.574492928
1172,50.704,9.582235904
1173,50.704,9.590205952
1174,50.704,9.60125696
1175,50.704,9.609453824
1176,50.704,9.61721984
1177,50.704,9.625213952
1178,50.704,9.63312384
1179,50.704,9.64160384
1180,50.704,9.64958592
1181,50.704,9.657583872
1182,52.955,9.665337856
1183,50.704,9.673881856
1184,50.704,9.681611008
1185,50.704,9.689358848
1186,50.704,9.69729792
1187,50.704,9.705575936
1188,50.704,9.71356288
1189,50.704,9.721414912
1190,50.704,9.729752832
1191,50.704,9.737746944
1192,50.704,9.746283008
1193,50.704,9.754159872
1194,50.704,9.762136832
1195,50.704,9.769869824
1196,50.704,9.778800896
1197,50.704,9.786555904
1198,50.704,9.795196928
1199,50.704,9.802978816
1200,50.704,9.810896896
1201,50.704,9.818797056
1202,50.704,9.826738944
1203,50.704,9.83494784
1204,50.704,9.842962944
1205,50.704,9.850681856
1206,104.237,9.858738944
1207,50.704,9.866528
1208,50.704,9.874905856
1209,50.704,9.885565952
1210,50.704,9.895273984
1211,50.704,9.903116032
1212,50.704,9.911229952
1213,105.010,9.91952384
1214,50.704,9.927693056
1215,50.704,9.935678976
1216,50.704,9.943748864
1217,50.704,9.952173056
1218,50.704,9.960176896
1219,50.704,9.967858944
1220,50.704,9.975855872
1221,50.704,9.98388992
1222,50.704,9.992463872
1223,50.704,10.000332032
1224,50.704,10.008249856
1225,50.704,10.016179968
1226,50.704,10.024196864
1227,50.704,10.032653056
1228,50.704,10.04057088
1229,50.704,10.04829696
1230,50.704,10.056299008
1231,50.704,10.064697856
1232,50.704,10.07271296
1233,50.704,10.080589056
1234,50.704,10.088450048
1235,50.704,10.096310016
1236,50.704,10.10464896
1237,50.704,10.112333824
1238,50.704,10.120073984
1239,50.704,10.127896832
1240,50.704,10.13551488
1241,50.704,10.143986944
1242,50.704,10.151673856
1243,50.704,10.162875904
1244,50.704,10.17145088
1245,67.301,10.182107904
1246,50.704,10.190423808
1247,50.704,10.198273024
1248,50.704,10.206230016
1249,50.704,10.21403904
1250,50.704,10.224269824
1251,50.704,10.232173056
1252,50.704,10.240052992
1253,50.704,10.248013824
1254,50.704,10.255982848
1255,50.704,10.263874048
1256,50.704,10.27245184
1257,50.704,10.281095936
1258,50.704,10.289340928
1259,50.704,10.297310976
1260,50.704,10.305278976
1261,50.704,10.31392384
1262,50.704,10.321935872
1263,50.704,10.329917952
1264,50.704,10.337808896
1265,50.704,10.345811968
1266,50.704,10.354507008
1267,50.704,10.362342912
1268,50.704,10.370264832
1269,50.704,10.378177024
1270,50.704,10.385954816
1271,50.704,10.394583808
1272,50.704,10.40232704
1273,50.704,10.410274816
1274,50.704,10.418014976
1275,50.704,10.425953024
1276,50.704,10.43438592
1277,50.704,10.442290944
1278,50.704,10.45016192
1279,50.704,10.458397952
1280,50.704,10.466192896
1281,38.342,10.474628864
1282,38.342,10.482373888
1283,41.814,10.490694912
1284,38.342,10.498825984
1285,38.342,10.506684928
1286,38.342,10.515166976
1287,38.342,10.523069952
1288,39.445,10.530886912
1289,38.342,10.538861824
1290,38.342,10.547288832
1291,38.342,10.555261952
1292,38.342,10.563163904
1293,38.342,10.57096704
1294,38.342,10.580903936
1295,32.750,10.590233856
1296,32.750,10.598110976
1297,32.750,10.605959936
1298,32.750,10.613811968
1299,32.750,10.621630976
1300,32.750,10.630018048
1301,32.750,10.63809792
1302,32.750,10.645902848
1303,32.750,10.653583872
1304,32.750,10.661984
1305,32.750,10.669725952
1306,32.750,10.67765888
1307,32.750,10.685340928
1308,32.750,10.693296896
1309,32.750,10.701761024
1310,32.750,10.709677824
1311,32.750,10.717350912
1312,32.750,10.725331968
1313,32.750,10.733494016
1314,32.750,10.741646848
1315,32.750,10.749464832
1316,32.750,10.757272832
1317,32.750,10.765090816
1318,32.750,10.773494016
1319,32.750,10.781245952
1320,32.750,10.789054976
1321,32.750,10.796894976
1322,32.750,10.804912896
1323,32.750,10.813989888
1324,32.750,10.822003968
1325,32.750,10.829869056
1326,31.573,10.837669888
1327,31.573,10.845499904
1328,31.573,10.853293056
1329,31.573,10.861606912
1330,31.573,10.869500928
1331,31.573,10.877238016
1332,31.573,10.884812032
1333,31.573,10.89273984
1334,31.573,10.900344064
1335,31.573,10.90885504
1336,31.573,10.919207936
1337,31.573,10.928747008
1338,31.573,10.936438016
1339,31.573,10.945362944
1340,31.573,10.953101056
1341,31.573,10.961101056
1342,31.573,10.969405952
1343,31.573,10.97820288
1344,31.573,10.98734592
1345,31.573,10.995132928
1346,31.573,11.003347968
1347,31.573,11.011600896
1348,31.573,11.020208896
1349,31.573,11.02949888
1350,31.573,11.037346816
1351,31.573,11.045125888
1352,31.573,11.05273984
1353,31.573,11.060866048
1354,31.573,11.069121024
1355,31.573,11.077057024
1356,31.573,11.084781056
1357,31.573,11.092555008
1358,31.573,11.100236032
1359,31.573,11.108472832
1360,31.573,11.116818944
1361,31.573,11.12485504
1362,31.573,11.132605952
1363,31.573,11.140390912
1364,31.573,11.14820992
1365,31.573,11.155938048
1366,31.573,11.164084992
1367,31.573,11.17185792
1368,31.573,11.179682816
1369,31.573,11.187723008
1370,31.573,11.198940928
1371,31.573,11.207596032
1372,31.573,11.215627008
1373,31.573,11.22441088
1374,31.573,11.232315904
1375,31.573,11.240260864
1376,31.573,11.248019968
1377,31.573,11.256423936
1378,31.573,11.264450048
1379,31.573,11.27232384
1380,31.573,11.280156928
1381,31.573,11.287998976
1382,31.573,11.29586304
1383,31.573,11.304222976
1384,31.573,11.312098048
1385,31.573,11.31999488
1386,31.573,11.328033024
1387,31.573,11.335628032
1388,31.573,11.345871872
1389,31.573,11.355283968
1390,16.938,11.36336384
1391,16.938,11.371330048
1392,16.938,11.379197952
1393,16.938,11.387070976
1394,16.938,11.39543296
1395,16.938,11.40327296
1396,16.938,11.411222016
1397,16.938,11.41897984
1398,16.938,11.427947008
1399,16.938,11.435821824
1400,16.938,11.444294912
1401,16.938,11.451960064
1402,16.938,11.459827968
1403,16.938,11.467655936
1404,16.938,11.475623936
1405,16.938,11.484416
1406,16.938,11.492876032
1407,22.408,11.500530944
1408,16.938,11.508527872
1409,16.938,11.516226816
1410,16.938,11.524763904
1411,16.938,11.532525056
1412,11.781,11.54042496
1413,11.781,11.548386816
1414,11.781,11.556311808
1415,11.781,11.564098816
1416,11.781,11.576471808
1417,13.214,11.584482816
1418,11.781,11.592276992
1419,11.781,11.600065024
1420,11.781,11.608076032
1421,11.781,11.616532992
1422,11.781,11.624686848
1423,11.781,11.635279872
1424,11.781,11.644162048
1425,11.781,11.652110848
1426,11.781,11.661285888
1427,11.781,11.669227008
1428,11.781,11.677299968
1429,11.781,11.685095936
1430,11.781,11.693206016
1431,11.781,11.701472
1432,11.781,11.70937088
1433,11.781,11.717259008
1434,11.781,11.725304832
1435,11.781,11.733212928
1436,11.781,11.741686016
1437,11.781,11.749595904
1438,12.384,11.757666048
1439,11.781,11.765444864
1440,11.781,11.773282048
1441,11.781,11.781869056
1442,11.781,11.78981888
1443,11.781,11.79768192
1444,11.781,11.805549056
1445,11.781,11.813272832
1446,11.781,11.822253824
1447,11.781,11.830370048
1448,11.781,11.838370048
1449,11.781,11.848717056
1450,11.781,11.857517056
1451,12.816,11.865317888
1452,11.781,11.873367808
1453,11.781,11.881154816
1454,11.781,11.889133056
1455,11.781,11.89769088
1456,11.781,11.90585088
1457,11.781,11.91398784
1458,11.781,11.921761024
1459,11.781,11.929773056
1460,11.781,11.93816192
1461,11.710,11.945934848
1462,9.178,11.95367296
1463,9.178,11.963975936
1464,9.178,11.972807936
1465,9.178,11.980631808
1466,9.178,11.988413952
1467,9.178,11.996290816
1468,9.178,12.003969024
1469,9.178,12.012400896
1470,9.178,12.020101888
1471,10.205,12.028041984
1472,9.227,12.036322048
1473,9.178,12.044717824
1474,9.178,12.052659968
1475,9.178,12.060525056
1476,9.178,12.068174848
1477,9.178,12.077107968
1478,9.178,12.085398016
1479,9.178,12.093284864
1480,9.178,12.101020928
1481,9.178,12.108793856
1482,9.178,12.117752832
1483,9.178,12.126102016
1484,9.178,12.13388288
1485,9.178,12.141748992
1486,9.178,12.149399808
1487,9.178,12.157954816
1488,9.178,12.165715968
1489,9.178,12.173577984
1490,9.178,12.181566976
1491,9.178,12.189420032
1492,9.178,12.19722496
1493,9.178,12.205650944
1494,9.409,12.21568896
1495,9.178,12.224377856
1496,4.754,12.232333824
1497,4.754,12.240423936
1498,5.363,12.24813184
1499,4.754,12.256700928
1500,4.754,12.267036928
1501,4.754,12.275209984
1502,4.754,12.283111936
1503,4.754,12.291165952
1504,4.754,12.298853888
1505,4.754,12.306749952
1506,4.754,12.315286016
1507,4.754,12.323300864
1508,4.754,12.331105024
1509,4.754,12.339088896
1510,4.754,12.346839808
1511,4.754,12.355106048
1512,4.754,12.365721856
1513,4.754,12.37383296
1514,4.754,12.381601024
1515,4.754,12.389598976
1516,3.887,12.39746304
1517,3.887,12.405327872
1518,3.887,12.413936896
1519,3.887,12.421796864
1520,3.887,12.429753856
1521,3.887,12.437679872
1522,3.887,12.445481984
1523,3.887,12.453248
1524,3.887,12.461796864
1525,3.887,12.469613056
1526,3.887,12.47771392
1527,3.872,12.485445888
1528,3.872,12.49344384
1529,3.872,12.50178304
1530,3.872,12.509762816
1531,3.872,12.51775488
1532,3.872,12.525689856
1533,3.872,12.533467904
1534,3.872,12.541595904
1535,4.302,12.549965056
1536,3.872,12.558187008
1537,3.872,12.565880832
1538,3.872,12.574139904
1539,3.872,12.582209024
1540,3.872,12.590351872
1541,3.872,12.599076864
1542,3.872,12.606971904
1543,3.872,12.614658048
1544,3.872,12.622628864
1545,3.872,12.630405888
1546,3.872,12.639529984
1547,3.872,12.647465984
1548,3.872,12.65538304
1549,3.872,12.66324992
1550,2.900,12.670985984
1551,2.504,12.678585856
1552,2.504,12.686928896
1553,2.504,12.694829056
1554,2.504,12.702556928
1555,2.504,12.710507008
1556,2.504,12.718190848
1557,2.504,12.726648832
1558,2.504,12.734277888
1559,2.504,12.742118912
1560,2.504,12.750029824
1561,2.504,12.758320896
1562,2.504,12.766432
1563,2.504,12.775054848
1564,2.504,12.78279296
1565,5.721,12.79068288
1566,2.504,12.798368
1567,2.504,12.806100992
1568,2.504,12.814425856
1569,2.504,12.822244864
1570,2.103,12.829998848
1571,2.103,12.837788928
1572,2.103,12.845764864
1573,2.103,12.854269952
1574,2.103,12.862061056
1575,2.103,12.869629952
1576,2.103,12.877506048
1577,2.103,12.885070848
1578,2.103,12.892958976
1579,2.103,12.901321984
1580,2.103,12.90916992
1581,2.103,12.916910848
1582,2.103,12.925947904
1583,2.103,12.93532288
1584,2.103,12.943768832
1585,2.103,12.951399936
1586,2.103,12.959355904
1587,2.103,12.969926912
1588,2.103,12.978850816
1589,2.103,12.987278848
1590,1.245,12.995835904
1591,2.753,13.003948032
1592,1.245,13.012098048
1593,1.245,13.019956992
1594,1.245,13.029485056
1595,1.245,13.037532928
1596,1.245,13.045730048
1597,1.245,13.05391488
1598,1.245,13.061940992
1599,1.245,13.07059584
1600,1.245,13.078510848
1601,1.245,13.08629504
1602,1.245,13.09418496
1603,1.245,13.10235904
1604,1.245,13.110863872
1605,1.245,13.118537984
1606,1.245,13.126981888
1607,1.245,13.134763008
1608,1.245,13.143934976
1609,1.245,13.151838976
1610,1.245,13.15993984
1611,1.245,13.167931904
1612,1.245,13.176604928
1613,1.245,13.185596928
1614,1.245,13.193742848
1615,1.245,13.201550848
1616,1.245,13.209451008
1617,1.245,13.217202944
1618,1.245,13.226285824
1619,1.245,13.234040064
1620,1.245,13.241908992
1621,1.245,13.24992384
1622,1.245,13.258350848
1623,1.245,13.266579968
1624,1.245,13.274995968
1625,1.245,13.283126016
1626,1.245,13.291133952
1627,1.245,13.299430912
1628,1.245,13.307521024
1629,1.245,13.315378944
1630,1.245,13.323311872
1631,1.245,13.331581952
1632,1.245,13.339399936
1633,1.245,13.347211008
1634,1.245,13.355060992
1635,1.245,13.363228928
1636,1.245,13.37173504
1637,1.245,13.379650816
1638,1.245,13.38736384
1639,1.245,13.395286016
1640,1.245,13.403334912
1641,1.245,13.411476992
1642,0.938,13.419293952
1643,0.938,13.429980928
1644,0.938,13.439453952
1645,0.938,13.447721984
1646,0.938,13.455906816
1647,0.938,13.464047872
1648,0.938,13.472504832
1649,1.210,13.48038784
1650,0.938,13.488236032
1651,0.938,13.49618688
1652,0.938,13.50409984
1653,0.938,13.512943872
1654,0.938,13.520984832
1655,0.938,13.52880896
1656,0.938,13.536546048
1657,0.938,13.54515584
1658,0.938,13.552930048
1659,0.931,13.560972032
1660,0.931,13.568937984
1661,0.931,13.577383936
1662,0.931,13.586699008
1663,0.931,13.594658816
1664,0.931,13.602518016
1665,0.931,13.610480896
1666,0.931,13.618756864
1667,0.931,13.626861824
1668,0.931,13.635566848
1669,0.931,13.643981056
1670,0.931,13.652385024
1671,0.931,13.661292032
1672,0.931,13.669225984
1673,0.931,13.677083904
1674,0.931,13.685515008
1675,0.931,13.69345792
1676,0.931,13.70138496
1677,0.931,13.709424896
1678,0.931,13.717837056
1679,0.931,13.725948928
1680,0.931,13.73367296
1681,0.931,13.741636864
1682,0.931,13.749569024
1683,0.931,13.757532928
1684,0.931,13.766612992
1685,0.931,13.774789888
1686,0.931,13.782797824
1687,0.931,13.790786816
1688,0.931,13.798533888
1689,0.931,13.807173888
1690,0.931,13.814840832
1691,0.931,13.822596864
1692,0.931,13.830445056
1693,0.931,13.83823488
1694,0.931,13.846717952
1695,0.931,13.854516992
1696,0.931,13.86227584
1697,0.931,13.870380032
1698,0.931,13.878277888
1699,0.931,13.886532864
1700,0.931,13.894562816
1701,0.931,13.90233984
1702,0.931,13.911308032
1703,0.931,13.91903488
1704,0.931,13.92768896
1705,0.931,13.935557888
1706,0.931,13.943504896
1707,0.931,13.951474944
1708,0.931,13.960132864
1709,0.931,13.968487936
1710,0.902,13.977464064
1711,0.902,13.985357056
1712,0.902,13.993293056
1713,0.902,14.001597952
1714,0.902,14.00972288
1715,0.902,14.01746688
1716,1.882,14.02528896
1717,0.902,14.033282816
1718,0.902,14.041821952
1719,0.902,14.051032832
1720,0.902,14.059227904
1721,0.902,14.067204864
1722,0.902,14.07528192
1723,0.902,14.083815936
1724,0.902,14.09227904
1725,0.902,14.100619008
1726,0.902,14.109275904
1727,0.902,14.117615872
1728,0.902,14.126678016
1729,1.278,14.134422016
1730,0.902,14.142370048
1731,0.902,14.15020288
1732,0.902,14.158524928
1733,0.902,14.166381824
1734,0.902,14.174155008
1735,0.649,14.181886976
1736,0.649,14.194323968
1737,0.649,14.202594048
1738,0.649,14.210338816
1739,0.649,14.218102016
1740,0.649,14.226265856
1741,0.649,14.23444992
1742,0.649,14.242695936
1743,0.649,14.250661888
1744,0.649,14.259015936
1745,0.649,14.266788864
1746,0.649,14.274703872
1747,0.649,14.28345984
1748,0.649,14.291812864
1749,0.649,14.299616
1750,0.649,14.307504896
1751,0.649,14.315260928
1752,0.649,14.32389888
1753,0.649,14.33170688
1754,0.583,14.340024064
1755,0.583,14.349715968
1756,0.583,14.357917952
1757,0.583,14.366061824
1758,0.583,14.37388288
1759,0.583,14.381997824
1760,0.583,14.389870848
1761,0.583,14.397627904
1762,0.583,14.405984
1763,0.583,14.413884928
1764,0.583,14.421725952
1765,0.583,14.429541888
1766,0.583,14.437266944
1767,0.583,14.445854976
1768,0.583,14.453694976
1769,0.583,14.461769984
1770,0.583,14.469508864
1771,0.583,14.477395968
1772,0.583,14.485904896
1773,0.583,14.494286848
1774,0.583,14.502081024
1775,0.583,14.510811904
1776,0.583,14.519215872
1777,0.583,14.52777984
1778,0.583,14.535470848
1779,0.583,14.54343296
1780,0.583,14.551090944
1781,0.583,14.560431872
1782,0.583,14.56992
1783,0.583,14.578011904
1784,0.583,14.58578688
1785,0.583,14.595233024
1786,0.583,14.604546048
1787,0.579,14.61294592
1788,0.579,14.620930816
1789,0.579,14.628716032
1790,0.579,14.636839936
1791,0.579,14.645708032
1792,0.562,14.65353984
1793,0.562,14.661650944
1794,0.562,14.669488896
1795,0.562,14.67897984
1796,0.562,14.686683904
1797,0.562,14.694896896
1798,0.562,14.702518016
1799,0.562,14.710345984
1800,0.562,14.718701056
1801,0.562,14.726637824
1802,0.562,14.734622976
1803,0.562,14.742701056
1804,0.562,14.750434048
1805,0.562,14.758788864
1806,0.562,14.767911936
1807,0.495,14.77655296

Error results for GA
---------------------------
0,404.362,0.215379968
1,283.869,0.422710784
2,478.095,0.62384384
3,277.189,0.838238976
4,280.736,1.045825792
5,261.251,1.254110976
6,324.004,1.461648896
7,335.291,1.665995776
8,117.685,1.877158912
9,117.685,2.092265984
10,117.685,2.297473792
11,168.233,2.502236928
12,84.742,2.70997376
13,112.921,2.918076928
14,117.685,3.122799872
15,118.901,3.325258752
16,108.968,3.53328
17,94.538,3.741001984
18,117.685,3.947840768
19,113.831,4.155883008
20,112.921,4.364092928
21,95.627,4.573227008
22,85.834,4.790296832
23,98.109,5.00320384
24,88.884,5.220651776
25,86.178,5.424769792
26,90.187,5.635073792
27,94.538,5.843015936
28,116.871,6.053349888
29,82.131,6.259095808
30,88.669,6.469031936
31,90.187,6.671179776
32,85.718,6.88212096
33,81.148,7.083924992
34,94.538,7.289615872
35,83.335,7.492797952
36,89.501,7.695271936
37,91.554,7.913177856
38,88.355,8.126562816
39,88.355,8.337564928
40,88.355,8.553307904
41,81.148,8.771439872
42,81.630,8.98162176
43,84.311,9.190121984
44,81.630,9.392046848
45,88.355,9.59764992
46,88.669,9.807179776
47,80.732,10.018890752
48,50.577,10.223119872
49,61.073,10.431310848
50,89.886,10.638962944
51,84.127,10.844493824
52,63.160,11.049747968
53,82.131,11.26405888
54,68.138,11.468499968
55,83.376,11.680621824
56,75.360,11.888976896
57,44.337,12.092596992
58,45.841,12.302145792
59,63.797,12.51405184
60,62.566,12.723842816
61,63.160,12.9281088
62,46.558,13.131452928
63,63.797,13.344202752
64,35.165,13.552692992
65,34.676,13.765326848
66,24.169,13.969632
67,45.610,14.173917952
68,35.692,14.382420992
69,44.337,14.587228928
70,35.046,14.81344384
71,36.209,15.019795968
72,34.676,15.22368896
73,35.046,15.42862976
74,27.890,15.633483776
75,25.500,15.836979968
76,24.993,16.049517824
77,27.495,16.257111808
78,33.853,16.464631808
79,27.890,16.675023872
80,27.890,16.871085824
81,17.640,17.080664832
82,26.977,17.285350912
83,27.495,17.491726848
84,16.673,17.700554752
85,25.753,17.91184
86,18.877,18.117720832
87,20.924,18.32812288
88,15.414,18.536471808
89,18.087,18.736411904
90,17.988,18.950587904
91,10.493,19.171443968
92,20.510,19.37883392
93,20.510,19.585684992
94,14.446,19.792818944
95,14.424,20.004516864
96,14.893,20.216958976
97,12.462,20.428253952
98,14.446,20.631547904
99,8.370,20.84112384
100,8.797,21.048531968
101,10.566,21.254814976
102,8.530,21.471342848
103,8.530,21.680431872
104,8.809,21.880920832
105,8.410,22.089981952
106,8.530,22.29737984
107,10.285,22.501337856
108,6.690,22.706532864
109,3.607,22.913869824
110,6.690,23.116542976
111,8.315,23.322016768
112,3.607,23.528800768
113,3.607,23.734702848
114,6.020,23.93986176
115,3.494,24.151851776
116,2.336,24.359486976
117,2.336,24.567051776
118,4.371,24.775287808
119,2.336,24.980694784
120,2.336,25.189729792
121,2.336,25.410479872
122,2.336,25.619686912
123,2.336,25.831576832
124,2.336,26.037002752
125,2.336,26.248624896
126,2.336,26.450818816
127,1.279,26.658091008
128,2.336,26.8758848
129,0.926,27.079981824
130,2.336,27.287631872
131,2.336,27.49019392
132,0.568,27.697267968
133,1.279,27.902064896
134,0.699,28.113686784
135,1.279,28.327498752
136,0.926,28.540784896
137,0.926,28.7597248
138,0.593,28.965778944
139,0.568,29.177720832
140,0.847,29.394091008
141,0.568,29.603428864
142,0.568,29.811389952
143,0.568,30.020185856
144,0.239,30.231392768

Results for RHC: 
Correctly classified 3888.0 instances.
Incorrectly classified 0.0 instances.
Percent correctly classified: 100.000%
Training time: 10.309 seconds
Testing time: 0.012 seconds
Iterations: 1171

Results for SA: 
Correctly classified 3888.0 instances.
Incorrectly classified 0.0 instances.
Percent correctly classified: 100.000%
Training time: 14.777 seconds
Testing time: 0.011 seconds
Iterations: 1807

Results for GA: 
Correctly classified 3888.0 instances.
Incorrectly classified 0.0 instances.
Percent correctly classified: 100.000%
Training time: 30.232 seconds
Testing time: 0.012 seconds
Iterations: 144

