
Error results for RHC
---------------------------
0,309.729,0.096923136
1,309.729,0.1280192
2,309.729,0.145040128
3,309.729,0.1576512
4,309.729,0.16858624
5,309.729,0.17931008
6,309.729,0.189785088
7,300.577,0.199348224
8,300.577,0.211066112
9,300.577,0.221072128
10,300.577,0.230664192
11,300.577,0.240085248
12,300.577,0.249475072
13,300.577,0.259888128
14,300.577,0.271780096
15,300.577,0.283524096
16,300.577,0.2933952
17,300.577,0.3041472
18,300.577,0.313630208
19,300.577,0.323009024
20,300.577,0.332332032
21,300.577,0.342422016
22,300.577,0.353406208
23,300.577,0.362690048
24,300.577,0.372127232
25,300.577,0.381525248
26,300.577,0.39203712
27,300.577,0.401222144
28,300.577,0.41149824
29,300.577,0.420999168
30,300.577,0.4303552
31,300.577,0.43996416
32,301.024,0.451632128
33,300.577,0.461096192
34,300.577,0.470505216
35,300.577,0.481236224
36,300.577,0.490561024
37,300.577,0.499857152
38,300.577,0.50939008
39,300.577,0.518502144
40,300.577,0.52798208
41,300.577,0.537387008
42,300.577,0.546786048
43,300.577,0.556159232
44,313.224,0.567097088
45,300.577,0.576684032
46,300.577,0.586144256
47,300.577,0.595628032
48,300.577,0.605046016
49,300.577,0.614950144
50,300.577,0.624748032
51,300.577,0.634054144
52,300.577,0.645110016
53,300.577,0.656213248
54,300.577,0.671057152
55,300.577,0.680431104
56,300.577,0.689858048
57,300.577,0.699101184
58,300.577,0.708743168
59,300.577,0.718192128
60,300.577,0.727586048
61,300.577,0.737081088
62,300.577,0.746493184
63,300.577,0.75583104
64,300.577,0.76758016
65,241.795,0.778288128
66,241.795,0.787756032
67,241.795,0.796981248
68,241.795,0.806342144
69,241.795,0.81712512
70,241.795,0.826992128
71,219.433,0.836417024
72,219.433,0.847139072
73,219.433,0.85709312
74,219.433,0.866484224
75,219.433,0.87651712
76,219.433,0.885714176
77,219.433,0.894978048
78,219.433,0.904224256
79,219.433,0.913528064
80,219.433,0.927024128
81,219.433,0.936376064
82,219.433,0.94583424
83,219.433,0.955097088
84,219.433,0.965675008
85,219.433,0.97509504
86,219.433,0.984295168
87,219.433,0.99355904
88,219.433,1.002741248
89,219.433,1.012100096
90,219.433,1.0213312
91,219.433,1.0305472
92,219.433,1.040072192
93,219.433,1.049743104
94,219.433,1.059576064
95,219.433,1.06919808
96,219.433,1.078802176
97,219.433,1.087990016
98,219.433,1.099944192
99,219.433,1.109549056
100,219.433,1.120717056
101,219.433,1.132353024
102,219.433,1.141840128
103,219.433,1.151587072
104,165.209,1.161334016
105,165.209,1.170795008
106,165.209,1.18018816
107,165.209,1.189583104
108,165.209,1.198753024
109,165.209,1.20996224
110,165.209,1.220875008
111,165.209,1.230496256
112,165.209,1.240545024
113,165.209,1.249853184
114,165.209,1.259382016
115,165.209,1.268720128
116,165.209,1.278147072
117,165.209,1.287458048
118,165.209,1.296833024
119,165.209,1.30630016
120,165.209,1.31561216
121,165.209,1.32549504
122,165.209,1.336405248
123,165.209,1.345979136
124,165.209,1.35526016
125,165.209,1.365540096
126,165.209,1.3755072
127,165.209,1.386049024
128,165.209,1.395778048
129,165.209,1.40509312
130,165.209,1.414878208
131,165.209,1.424354048
132,165.209,1.433634048
133,165.209,1.444465152
134,165.209,1.45463808
135,165.209,1.463968256
136,165.209,1.473440256
137,165.209,1.48279424
138,165.209,1.492920064
139,165.209,1.502399232
140,165.209,1.51207808
141,165.209,1.521536
142,165.209,1.531331072
143,165.209,1.540511232
144,165.209,1.550197248
145,165.209,1.5597952
146,167.442,1.568981248
147,165.209,1.5790912
148,165.209,1.588568064
149,167.648,1.597845248
150,165.209,1.607308032
151,165.209,1.616533248
152,165.209,1.625889024
153,165.209,1.635226112
154,165.209,1.644623104
155,165.209,1.65483008
156,165.209,1.665848064
157,165.209,1.677679104
158,165.209,1.686942208
159,165.209,1.696222208
160,165.209,1.705485056
161,165.209,1.714750208
162,165.209,1.72450816
163,165.209,1.734827008
164,165.209,1.744337152
165,165.209,1.75370624
166,165.209,1.763313152
167,165.209,1.772578048
168,165.209,1.781951232
169,165.209,1.79125504
170,165.209,1.800373248
171,165.209,1.810376192
172,165.209,1.819480064
173,165.209,1.828962048
174,165.209,1.838843136
175,165.209,1.848123136
176,155.789,1.857554176
177,154.671,1.866877184
178,146.470,1.876990208
179,146.470,1.88703616
180,146.470,1.89660416
181,146.470,1.905891072
182,146.470,1.915412224
183,146.470,1.92497408
184,146.470,1.934198016
185,146.470,1.94375424
186,146.470,1.953868032
187,146.470,1.963307008
188,146.470,1.97266304
189,146.470,1.982029056
190,146.470,1.991486208
191,146.470,2.000848128
192,146.470,2.010166016
193,146.470,2.019553024
194,146.470,2.029695232
195,146.470,2.039209216
196,146.470,2.048655104
197,146.470,2.058159104
198,146.470,2.06749824
199,146.470,2.078101248
200,146.470,2.08780416
201,144.629,2.097845248
202,144.629,2.107523072
203,144.629,2.117050112
204,144.629,2.126376192
205,144.629,2.135629056
206,144.629,2.14560512
207,144.629,2.15491712
208,144.629,2.164621056
209,144.629,2.17470208
210,144.629,2.183949056
211,144.629,2.193377024
212,144.629,2.202493184
213,144.629,2.211935232
214,144.629,2.221108224
215,144.629,2.230339072
216,144.629,2.240277248
217,144.629,2.249743104
218,144.629,2.261814016
219,144.629,2.272457216
220,144.629,2.281862144
221,144.629,2.291340032
222,144.629,2.300574208
223,144.629,2.31073024
224,144.629,2.320015104
225,192.410,2.329801216
226,144.629,2.339262208
227,144.629,2.348629248
228,144.629,2.357950208
229,144.629,2.368251136
230,144.629,2.377988096
231,144.629,2.38715008
232,144.629,2.397600256
233,144.629,2.407151104
234,144.629,2.41888512
235,144.629,2.429056
236,144.629,2.43903104
237,144.629,2.448744192
238,144.629,2.458143232
239,144.629,2.46903424
240,144.629,2.47877504
241,144.629,2.488255232
242,144.629,2.498072064
243,144.629,2.508285184
244,144.629,2.517895168
245,144.629,2.527207168
246,144.629,2.536588032
247,144.629,2.54615424
248,144.629,2.5554752
249,144.629,2.56551808
250,144.629,2.575112192
251,144.629,2.584527104
252,144.629,2.594264064
253,144.629,2.603935232
254,144.629,2.614281216
255,144.629,2.624235008
256,144.629,2.633594112
257,144.629,2.643028224
258,144.629,2.652515072
259,144.629,2.661946112
260,144.629,2.671375104
261,144.629,2.680788224
262,144.629,2.690697216
263,144.629,2.700611072
264,144.629,2.7100352
265,144.629,2.7191872
266,144.629,2.728660224
267,144.629,2.741721088
268,141.368,2.751976192
269,141.368,2.76182016
270,141.368,2.771346176
271,141.368,2.780960256
272,141.368,2.790473216
273,141.368,2.799797248
274,141.368,2.809800192
275,141.368,2.8193472
276,141.368,2.829517056
277,141.368,2.839459072
278,141.368,2.848839168
279,189.392,2.858141184
280,141.368,2.868263168
281,141.368,2.878774016
282,141.368,2.888383232
283,141.368,2.897755136
284,141.368,2.90726912
285,141.368,2.916556032
286,141.368,2.926646016
287,141.368,2.93606016
288,141.368,2.945506048
289,141.368,2.95508608
290,141.368,2.964432128
291,141.368,2.973776128
292,141.368,2.986677248
293,141.368,2.996239104
294,141.368,3.006043136
295,141.368,3.016639232
296,141.368,3.026846208
297,141.368,3.036367104
298,141.368,3.046636032
299,141.368,3.05597824
300,141.368,3.066868224
301,141.368,3.07674624
302,141.368,3.086485248
303,141.368,3.098534144
304,141.368,3.108896256
305,141.368,3.118230016
306,141.368,3.127789056
307,141.368,3.136993024
308,141.368,3.14926208
309,141.368,3.160012032
310,141.368,3.170159104
311,141.368,3.179819008
312,141.368,3.18910208
313,141.368,3.198560256
314,141.368,3.208090112
315,141.368,3.217789184
316,141.368,3.227316224
317,141.368,3.23655424
318,141.368,3.245851136
319,141.368,3.255296
320,141.368,3.264607232
321,141.368,3.274695168
322,141.368,3.284372224
323,141.368,3.293844224
324,141.368,3.303471104
325,141.368,3.313044224
326,141.368,3.322224128
327,141.368,3.331440128
328,141.368,3.340712192
329,141.368,3.350056192
330,141.368,3.35813504
331,141.368,3.365968128
332,141.368,3.374299136
333,141.368,3.38221312
334,141.368,3.390371072
335,141.368,3.39836416
336,141.368,3.406214144
337,141.368,3.416624128
338,141.368,3.425316096
339,141.368,3.433210112
340,141.368,3.44124416
341,141.368,3.449049088
342,132.723,3.457311232
343,132.723,3.466685184
344,132.723,3.474665216
345,132.723,3.482500096
346,132.723,3.490507008
347,132.723,3.498481152
348,132.723,3.50692608
349,132.723,3.514799104
350,191.390,3.522563072
351,132.723,3.533141248
352,132.723,3.541242112
353,132.723,3.54957824
354,77.576,3.557624064
355,77.576,3.565359104
356,77.576,3.573164032
357,77.576,3.5809152
358,77.576,3.589174016
359,77.576,3.597908224
360,77.576,3.605767168
361,77.576,3.613680128
362,77.576,3.62278016
363,77.576,3.63059712
364,77.576,3.63903104
365,77.576,3.647015168
366,77.576,3.654984192
367,77.576,3.66282624
368,77.576,3.671092224
369,77.576,3.67925504
370,77.576,3.686953216
371,77.576,3.69721216
372,77.576,3.705791232
373,77.576,3.714342144
374,77.576,3.722292224
375,77.576,3.730229248
376,77.576,3.738095104
377,77.576,3.745993216
378,77.576,3.754406144
379,77.576,3.763465216
380,77.576,3.772186112
381,77.576,3.780097024
382,77.576,3.787894016
383,77.576,3.79634304
384,77.576,3.804235008
385,77.576,3.813565184
386,77.576,3.822348032
387,77.576,3.830234112
388,77.576,3.838485248
389,77.576,3.846998016
390,77.576,3.854856192
391,77.576,3.86266112
392,77.576,3.871099136
393,77.576,3.879197184
394,77.576,3.887220224
395,77.576,3.895181056
396,77.576,3.903224064
397,77.576,3.911857152
398,77.576,3.919495168
399,77.576,3.92740224
400,77.576,3.935104
401,43.254,3.943541248
402,43.254,3.95158912
403,43.254,3.959591168
404,43.254,3.967359232
405,43.254,3.975494144
406,43.254,3.983253248
407,43.254,3.991657216
408,43.254,3.999359232
409,43.254,4.007140096
410,43.254,4.015401216
411,43.254,4.025078016
412,43.254,4.033472
413,43.254,4.041371136
414,43.254,4.049126144
415,43.254,4.057059072
416,43.254,4.064969216
417,43.254,4.073579008
418,43.254,4.081519104
419,43.254,4.089476096
420,45.140,4.097556224
421,43.254,4.105424128
422,43.254,4.113403136
423,43.254,4.121889024
424,43.254,4.129761024
425,43.254,4.137717248
426,43.254,4.146206208
427,43.254,4.155170048
428,43.254,4.164564224
429,43.254,4.17268224
430,43.254,4.180704256
431,43.254,4.188929024
432,43.254,4.196673024
433,43.254,4.205121024
434,43.254,4.213081088
435,43.254,4.220807168
436,43.254,4.228712192
437,43.254,4.236564224
438,43.254,4.244948224
439,43.254,4.252839168
440,43.254,4.260731136
441,43.254,4.26834816
442,43.254,4.276785152
443,43.254,4.284972032
444,43.254,4.292943104
445,43.254,4.300830208
446,43.254,4.308672
447,43.254,4.316673024
448,43.254,4.325255168
449,43.254,4.333228032
450,43.254,4.341269248
451,43.254,4.348953088
452,43.254,4.357695232
453,43.254,4.365432064
454,43.254,4.373311232
455,43.254,4.38123904
456,43.254,4.389236224
457,43.254,4.397377024
458,53.335,4.40583424
459,43.254,4.413791232
460,43.254,4.421702144
461,43.254,4.429544192
462,43.254,4.437307136
463,43.254,4.44690304
464,37.395,4.456169216
465,37.395,4.464006144
466,37.395,4.471838208
467,37.395,4.479965184
468,37.395,4.487792128
469,37.395,4.496306176
470,37.395,4.504291072
471,37.395,4.512230144
472,37.395,4.520228096
473,37.395,4.530219008
474,37.395,4.538269184
475,37.395,4.546480128
476,37.395,4.55444608
477,37.395,4.562686208
478,37.395,4.570495232
479,37.395,4.578525184
480,37.395,4.5868672
481,37.395,4.59489024
482,37.395,4.602978048
483,37.395,4.611158016
484,37.395,4.619122176
485,37.395,4.627057152
486,37.395,4.6356672
487,37.395,4.643743232
488,37.395,4.65164416
489,37.395,4.659677184
490,37.395,4.667381248
491,37.395,4.675874048
492,37.395,4.683926016
493,37.395,4.691852032
494,37.395,4.699825152
495,37.395,4.707812096
496,37.395,4.71661312
497,37.395,4.72458624
498,37.395,4.73232512
499,37.395,4.740228096
500,37.395,4.748137216
501,37.395,4.756007168
502,37.395,4.765379072
503,37.395,4.774354176
504,37.395,4.782312192
505,37.395,4.79014016
506,37.395,4.79787904
507,37.395,4.806351104
508,37.395,4.814205184
509,37.395,4.822375168
510,37.395,4.830420224
511,40.216,4.83828224
512,37.395,4.846838016
513,37.395,4.854619136
514,37.395,4.86262912
515,37.395,4.870417152
516,54.422,4.878360064
517,34.229,4.886783232
518,34.229,4.894788096
519,34.229,4.902633216
520,34.229,4.9106112
521,34.229,4.918395136
522,34.229,4.92706304
523,34.229,4.934765056
524,34.229,4.94290304
525,34.229,4.952629248
526,34.229,4.960611072
527,34.229,4.968867072
528,34.229,4.976902144
529,34.229,4.986699008
530,34.229,4.994622208
531,34.229,5.00420608
532,34.229,5.012486144
533,34.229,5.022132224
534,34.229,5.030178048
535,34.229,5.038319104
536,34.229,5.046799104
537,34.229,5.056566016
538,34.229,5.06435712
539,34.229,5.072383232
540,34.229,5.080409088
541,34.229,5.089078016
542,66.372,5.097095168
543,34.229,5.105030144
544,34.229,5.113393152
545,34.229,5.122104064
546,34.229,5.13057024
547,34.229,5.138673152
548,34.229,5.14703616
549,34.229,5.154980096
550,34.229,5.16339712
551,34.229,5.171392
552,34.229,5.179305216
553,34.284,5.187176192
554,34.229,5.195454208
555,34.229,5.2031552
556,34.229,5.21133312
557,34.408,5.21933824
558,34.229,5.227969024
559,34.229,5.235721216
560,44.500,5.243774208
561,34.229,5.251741184
562,34.229,5.259596032
563,34.229,5.267936256
564,34.229,5.276018176
565,34.229,5.283687168
566,34.229,5.29254016
567,34.229,5.302129152
568,34.229,5.3102912
569,34.229,5.318087168
570,34.229,5.3260032
571,34.229,5.334412032
572,34.229,5.342242048
573,34.229,5.350092032
574,34.229,5.357941248
575,34.229,5.369101056
576,51.281,5.378270208
577,37.455,5.386045184
578,34.229,5.394080256
579,34.229,5.402040064
580,34.229,5.410571008
581,34.229,5.418340096
582,34.229,5.426395136
583,34.229,5.434182144
584,34.229,5.442169088
585,51.330,5.45050112
586,34.229,5.458313216
587,34.229,5.466210048
588,34.229,5.474132224
589,34.229,5.482001152
590,34.229,5.490009088
591,34.229,5.498421248
592,34.229,5.506575104
593,34.229,5.514329088
594,34.229,5.52214912
595,34.615,5.530111232
596,34.229,5.537993216
597,34.229,5.545688064
598,34.229,5.554111232
599,34.229,5.562046208
600,34.229,5.570011136
601,34.229,5.580063232
602,34.229,5.588269056
603,34.229,5.596597248
604,34.229,5.60481024
605,34.229,5.6152192
606,34.229,5.623582208
607,34.229,5.631275008
608,34.229,5.6394112
609,53.357,5.647641088
610,34.229,5.656122112
611,34.229,5.664088064
612,34.229,5.67233408
613,34.229,5.681790208
614,34.229,5.689648128
615,22.404,5.697471232
616,22.404,5.705922048
617,22.404,5.713632256
618,22.404,5.721304064
619,22.404,5.729060096
620,22.404,5.736673024
621,22.404,5.744722176
622,22.404,5.75307008
623,22.404,5.760920064
624,22.404,5.76866304
625,22.404,5.776409088
626,22.404,5.783985152
627,22.404,5.792283136
628,22.404,5.79996416
629,22.404,5.807915008
630,22.404,5.815725056
631,22.404,5.823442176
632,22.404,5.831783168
633,22.404,5.840053248
634,22.404,5.847682048
635,16.906,5.855334144
636,16.906,5.863034112
637,16.906,5.870696192
638,16.906,5.878694144
639,16.906,5.886982144
640,16.906,5.894929152
641,16.906,5.902726144
642,16.906,5.9118592
643,16.906,5.923148032
644,16.906,5.931730176
645,16.906,5.939582208
646,16.906,5.94772224
647,16.906,5.955645184
648,16.906,5.963362048
649,15.351,5.971055104
650,15.351,5.979500032
651,15.351,5.987239168
652,15.351,5.995298048
653,15.351,6.002873088
654,15.351,6.010841088
655,15.351,6.018655232
656,15.351,6.026964224
657,15.351,6.034749184
658,15.351,6.042654208
659,15.351,6.050834176
660,15.351,6.058752
661,15.351,6.066758144
662,15.351,6.074599168
663,15.351,6.084891136
664,15.351,6.094576128
665,15.351,6.102278144
666,25.424,6.110676224
667,20.024,6.118443008
668,15.351,6.126251008
669,15.351,6.134114048
670,15.351,6.142784
671,15.351,6.151320064
672,15.351,6.159588096
673,15.351,6.16719104
674,15.351,6.175083008
675,15.351,6.182749184
676,15.351,6.190569216
677,15.351,6.198944256
678,15.351,6.2067072
679,15.351,6.214466048
680,15.351,6.222232064
681,15.351,6.230317056
682,15.351,6.240560128
683,15.351,6.248616192
684,31.922,6.256520192
685,15.351,6.264378112
686,15.351,6.272177152
687,15.351,6.280506112
688,15.351,6.288258048
689,15.351,6.29607424
690,15.351,6.303769088
691,15.351,6.311682048
692,15.351,6.323264
693,15.351,6.331340032
694,15.351,6.339103232
695,15.351,6.346740224
696,15.351,6.355087104
697,15.351,6.363431168
698,15.351,6.371345152
699,15.351,6.379190016
700,15.351,6.386761216
701,15.351,6.395581184
702,34.314,6.403681024
703,15.351,6.41175424
704,15.351,6.419352064
705,15.351,6.427043072
706,15.351,6.434695168
707,15.351,6.443499008
708,15.351,6.451232256
709,15.351,6.459113216
710,27.095,6.466960128
711,15.351,6.475876096
712,15.351,6.484310016
713,15.351,6.492313088
714,15.351,6.500291072
715,15.351,6.508039168
716,15.351,6.51635712
717,15.351,6.524246016
718,15.351,6.532002048
719,15.351,6.539858176
720,15.351,6.547668224
721,15.351,6.556294144
722,15.351,6.564364032
723,15.294,6.572269056
724,15.294,6.580264192
725,15.294,6.588871168
726,15.294,6.596743168
727,15.294,6.604742144
728,15.294,6.612657152
729,15.294,6.620448256
730,15.294,6.629109248
731,15.294,6.636884224
732,15.294,6.645885184
733,15.294,6.653672192
734,15.294,6.661814016
735,15.294,6.670230016
736,15.294,6.67962112
737,15.177,6.688116224
738,15.177,6.696045056
739,15.177,6.703793152
740,15.177,6.712425216
741,15.177,6.7203392
742,15.177,6.728365056
743,15.177,6.73612416
744,15.177,6.744161024
745,15.177,6.752026112
746,15.177,6.760745216
747,15.177,6.768433152
748,15.177,6.776344064
749,15.177,6.784281088
750,15.177,6.792148224
751,15.177,6.801210112
752,15.177,6.809561088
753,15.177,6.81734016
754,10.804,6.825424128
755,10.804,6.833119232
756,10.804,6.84166912
757,10.804,6.849489152
758,10.804,6.857448192
759,10.804,6.86707712
760,10.804,6.874974208
761,10.804,6.886765056
762,10.804,6.895085056
763,10.804,6.902878208
764,10.804,6.910924032
765,10.804,6.918710016
766,10.804,6.9271872
767,10.804,6.93812224
768,10.804,6.946358016
769,10.804,6.954105088
770,10.804,6.962736128
771,10.804,6.970691072
772,10.804,6.978700032
773,8.552,6.986710016
774,8.552,6.9946752
775,8.552,7.0028992
776,8.552,7.01104512
777,8.552,7.018788096
778,8.552,7.026928128
779,8.552,7.034906112
780,8.552,7.044021248
781,8.552,7.05188224
782,8.552,7.05966208
783,8.552,7.067869184
784,8.552,7.075778048
785,8.552,7.084219136
786,8.552,7.093119232
787,8.552,7.101597184
788,8.552,7.109639168
789,8.552,7.117808128
790,8.552,7.125736192
791,8.552,7.13442816
792,8.552,7.142298112
793,8.552,7.150114048
794,8.552,7.158464
795,8.552,7.166205184
796,8.552,7.174470144
797,8.552,7.182783232
798,8.552,7.191177216
799,8.552,7.198938112
800,8.552,7.206719232
801,8.552,7.214523136
802,8.552,7.222810112
803,7.975,7.230641152
804,6.561,7.238394112
805,6.561,7.24614912
806,6.561,7.253897216
807,6.561,7.262269184
808,6.561,7.269906176
809,6.561,7.278788096
810,6.561,7.286404096
811,3.935,7.29628416
812,3.935,7.304228096
813,3.935,7.312326144
814,3.935,7.320064
815,3.935,7.327995136
816,3.935,7.339861248
817,3.935,7.347969024
818,3.935,7.355789056
819,3.935,7.36369408
820,3.935,7.371661056
821,3.935,7.379517184
822,3.935,7.38799104
823,3.935,7.397517056
824,3.935,7.406578176
825,3.935,7.414399232
826,3.935,7.422377216
827,4.222,7.431096064
828,3.935,7.438943232
829,4.079,7.44747904
830,3.935,7.455285248
831,3.935,7.463257088
832,3.935,7.470974208
833,3.935,7.480003072
834,3.935,7.487928064
835,3.935,7.496104192
836,3.935,7.50407808
837,3.935,7.512030208
838,3.935,7.519756032
839,3.935,7.527794176
840,3.935,7.53556224
841,3.935,7.544236032
842,3.935,7.552044032
843,3.935,7.559969024
844,3.935,7.567919104
845,3.935,7.578065152
846,3.935,7.587400192
847,3.935,7.59594624
848,3.935,7.603884032
849,3.935,7.613800192
850,3.935,7.622358016
851,3.935,7.630111232
852,3.935,7.638113024
853,3.935,7.646717184
854,3.935,7.654540032
855,3.935,7.662376192
856,3.935,7.670107136
857,3.935,7.678353152
858,3.935,7.686744064
859,3.935,7.694681088
860,3.935,7.702493184
861,3.935,7.711015168
862,3.935,7.719084032
863,3.935,7.727279104
864,3.935,7.73668608
865,3.935,7.744657152
866,3.935,7.75251712
867,3.935,7.760518144
868,3.935,7.768312064
869,3.935,7.77638912
870,3.935,7.785120256
871,3.935,7.79327616
872,3.935,7.801193216
873,3.935,7.809164032
874,3.935,7.817094144
875,3.935,7.825543168
876,3.935,7.833310208
877,3.935,7.842749184
878,4.668,7.852841216
879,3.935,7.86095616
880,3.935,7.869007104
881,4.147,7.877525248
882,3.935,7.885525248
883,3.935,7.893776128
884,3.935,7.901458176
885,3.935,7.90947712
886,3.935,7.917316096
887,3.611,7.925990144
888,3.611,7.93412224
889,3.611,7.942060032
890,3.611,7.949913088
891,3.813,7.95789312
892,3.611,7.966148096
893,3.611,7.974219008
894,3.611,7.982388224
895,3.611,7.990381056
896,3.611,7.998584064
897,3.611,8.006988032
898,3.611,8.01643904
899,3.611,8.024351232
900,3.611,8.032282112
901,3.611,8.040136192
902,3.611,8.047879168
903,3.611,8.056527104
904,2.579,8.064350208
905,4.173,8.072181248
906,2.579,8.08021504
907,2.579,8.088287232
908,2.579,8.096929024
909,2.579,8.10462208
910,2.579,8.113634048
911,2.579,8.121502208
912,2.579,8.129387008
913,2.579,8.13792
914,2.579,8.145813248
915,2.579,8.153584128
916,2.579,8.161430016
917,2.579,8.169115136
918,2.579,8.17766912
919,2.579,8.18551424
920,2.579,8.19356416
921,2.579,8.201442048
922,2.579,8.209408
923,2.579,8.217912064
924,2.579,8.225891072
925,2.579,8.233727232
926,2.579,8.242372096
927,2.579,8.250720256
928,2.579,8.25970816
929,2.579,8.267693056
930,1.611,8.275911168
931,1.611,8.283642112
932,1.611,8.293051136
933,1.611,8.30183424
934,1.611,8.30989824
935,1.611,8.317758208
936,1.611,8.325872128
937,1.611,8.334404096
938,2.830,8.342266112
939,1.611,8.350128128
940,1.611,8.358130176
941,1.611,8.365897216
942,1.611,8.3744
943,1.342,8.3822272
944,1.342,8.390031104
945,1.342,8.398107136
946,1.342,8.40606208
947,1.342,8.414477056
948,1.342,8.422411008
949,1.342,8.430308096
950,1.342,8.438146048
951,1.342,8.44668416
952,1.342,8.45618816
953,1.381,8.46431104
954,1.315,8.472244224
955,1.315,8.480353024
956,1.315,8.48867712
957,1.315,8.496858112
958,1.315,8.504838144
959,1.315,8.51270912
960,1.315,8.52120704
961,1.315,8.529110016
962,1.315,8.536927232
963,1.315,8.544872192
964,1.315,8.552539136
965,1.315,8.561133056
966,1.315,8.568882176
967,1.315,8.576918016
968,1.315,8.58484224
969,1.315,8.592719104
970,1.315,8.601231104
971,1.315,8.609548032
972,1.315,8.617433088
973,1.315,8.625409024
974,1.315,8.633201152
975,1.315,8.6418432
976,1.315,8.649741056
977,1.315,8.657684224
978,1.315,8.66562304
979,1.315,8.67349504
980,1.315,8.682020096
981,1.315,8.689873152
982,1.315,8.697633024
983,1.315,8.705574144
984,1.315,8.713456128
985,1.315,8.722078208
986,1.315,8.730005248
987,1.220,8.737722112
988,0.782,8.74583424
989,0.782,8.753809152
990,1.567,8.762532096
991,0.782,8.770368
992,0.782,8.778767104
993,0.782,8.78747008
994,0.782,8.795419136
995,0.782,8.804009216
996,0.782,8.812150016
997,0.782,8.819957248
998,0.782,8.828013056
999,0.782,8.835780096
1000,0.782,8.844408064
1001,0.782,8.852242176
1002,0.782,8.860264192
1003,0.782,8.868368128
1004,0.782,8.876541184
1005,0.782,8.885089024
1006,0.782,8.893150208
1007,0.712,8.903715072
1008,0.712,8.91247104
1009,0.712,8.921039104
1010,0.423,8.928911104

Error results for SA
---------------------------
0,330.777,0.008301056
1,330.777,0.017342976
2,330.777,0.025865984
3,323.552,0.034374912
4,323.552,0.043504128
5,323.552,0.052551936
6,323.552,0.061787904
7,301.157,0.07160704
8,301.157,0.07946112
9,301.157,0.087248896
10,331.882,0.095196928
11,331.882,0.103257088
12,331.882,0.112935936
13,305.420,0.120923904
14,305.420,0.129228032
15,305.420,0.138371072
16,305.420,0.146416128
17,305.420,0.155280896
18,305.420,0.164339968
19,305.420,0.173105152
20,305.420,0.18206208
21,305.420,0.190051072
22,305.420,0.197833984
23,305.420,0.205974016
24,305.420,0.213948928
25,305.420,0.221782016
26,305.420,0.229647104
27,305.420,0.237968896
28,305.420,0.246035968
29,305.420,0.254294016
30,305.420,0.262235136
31,305.420,0.270292992
32,305.420,0.278119936
33,305.420,0.287561984
34,305.420,0.295375104
35,305.420,0.30336896
36,305.420,0.311392
37,305.420,0.319330048
38,305.420,0.327092992
39,305.420,0.335020032
40,305.420,0.343430144
41,305.420,0.351515904
42,305.420,0.359302912
43,305.420,0.367106048
44,305.420,0.37518208
45,305.420,0.38307712
46,305.420,0.391568896
47,305.420,0.399599104
48,305.420,0.40749312
49,305.420,0.415547904
50,305.420,0.42340608
51,305.420,0.432214016
52,305.420,0.44056192
53,305.420,0.44840704
54,305.420,0.456515072
55,305.420,0.46465408
56,517.112,0.473014016
57,517.112,0.481106944
58,517.112,0.48967296
59,517.112,0.497696
60,517.112,0.505785088
61,517.112,0.513711104
62,645.656,0.52165504
63,645.656,0.529401088
64,645.656,0.539321088
65,645.656,0.547335936
66,645.656,0.556115968
67,645.656,0.56407808
68,645.656,0.57227008
69,645.656,0.580099072
70,645.656,0.588659968
71,645.656,0.596571904
72,645.656,0.604390144
73,645.656,0.612193024
74,693.751,0.620112128
75,693.751,0.62795008
76,693.751,0.636608
77,693.751,0.644381952
78,693.751,0.652688128
79,693.751,0.662305024
80,693.751,0.67046912
81,693.751,0.678238976
82,693.751,0.686908928
83,693.751,0.694861056
84,693.751,0.702904064
85,693.751,0.710867968
86,693.751,0.71889408
87,693.751,0.726667008
88,693.751,0.735181056
89,693.751,0.742931968
90,693.751,0.750908928
91,655.909,0.75877504
92,655.909,0.766537984
93,655.909,0.774296064
94,672.135,0.782781952
95,672.135,0.790580992
96,672.135,0.79882496
97,672.135,0.809419008
98,672.135,0.817683968
99,672.135,0.828568064
100,567.143,0.837481984
101,567.143,0.845529088
102,567.143,0.853529088
103,567.143,0.861462016
104,567.143,0.8696
105,567.143,0.877961984
106,567.143,0.886124032
107,567.143,0.895420928
108,567.143,0.903586048
109,567.143,0.911316992
110,567.143,0.919292928
111,567.143,0.927713024
112,567.143,0.935645952
113,567.143,0.943579904
114,567.143,0.951460096
115,567.143,0.959298048
116,567.143,0.96797696
117,567.143,0.97586304
118,567.143,0.983931136
119,567.143,0.992088064
120,567.143,1.000374016
121,567.143,1.00993792
122,520.360,1.018471936
123,520.360,1.026219008
124,520.360,1.034109952
125,520.360,1.042042112
126,520.360,1.049918976
127,520.360,1.058334976
128,520.360,1.066232064
129,520.360,1.074160128
130,520.360,1.082031104
131,520.360,1.089965056
132,520.360,1.098339072
133,520.360,1.106349056
134,520.360,1.113976064
135,520.360,1.121854976
136,520.360,1.129916928
137,520.360,1.139620096
138,520.360,1.148134144
139,520.360,1.15591296
140,520.360,1.164018944
141,520.360,1.172851968
142,520.360,1.180788992
143,520.360,1.18943104
144,520.360,1.197357056
145,520.360,1.205350912
146,520.360,1.213053952
147,520.360,1.221857024
148,520.360,1.230169088
149,520.360,1.238129152
150,520.360,1.246060032
151,520.360,1.255131136
152,520.360,1.264504064
153,520.360,1.272961024
154,541.416,1.280828928
155,541.416,1.288761088
156,541.416,1.296646912
157,492.057,1.304710144
158,492.057,1.313441024
159,492.057,1.321579008
160,492.057,1.329421056
161,492.057,1.337585152
162,492.057,1.346060032
163,492.057,1.354076928
164,492.057,1.36209792
165,492.057,1.370155008
166,492.057,1.378089984
167,492.057,1.386557952
168,492.057,1.394397952
169,492.057,1.40256
170,492.057,1.41038592
171,492.057,1.418370048
172,492.057,1.42673792
173,492.057,1.434814976
174,519.759,1.442685952
175,519.759,1.45040512
176,519.759,1.458668032
177,519.759,1.466445056
178,480.365,1.474630912
179,480.365,1.482435072
180,480.365,1.490315008
181,480.365,1.498791936
182,480.365,1.507357952
183,480.365,1.515101952
184,480.365,1.522969088
185,480.365,1.53071104
186,480.365,1.53931392
187,480.365,1.547329024
188,480.365,1.555259136
189,478.010,1.562969088
190,478.010,1.571156992
191,478.010,1.57949696
192,478.010,1.58756096
193,478.010,1.595316992
194,478.010,1.604253952
195,478.010,1.612418048
196,478.010,1.620925952
197,478.010,1.629243136
198,478.010,1.637267968
199,478.010,1.645172992
200,478.010,1.653091072
201,478.010,1.660847104
202,478.010,1.669613056
203,478.010,1.67736704
204,478.010,1.685292032
205,478.010,1.693104128
206,478.010,1.701057024
207,478.010,1.709648896
208,478.010,1.718320128
209,478.010,1.726708992
210,478.010,1.734662912
211,478.010,1.742454016
212,478.010,1.751129088
213,478.010,1.759001088
214,478.010,1.766987008
215,478.010,1.778010112
216,478.010,1.786429952
217,478.010,1.794756096
218,478.010,1.802907136
219,478.010,1.81082496
220,478.010,1.81873792
221,478.010,1.826685952
222,478.010,1.835183104
223,478.010,1.843163136
224,478.010,1.852743936
225,478.010,1.86166912
226,478.010,1.869520896
227,478.010,1.877907968
228,478.010,1.885757952
229,478.010,1.893467904
230,478.342,1.90209792
231,478.342,1.912689152
232,478.342,1.921356032
233,478.342,1.929327104
234,478.342,1.937370112
235,478.342,1.945051136
236,478.342,1.953963008
237,478.342,1.961656064
238,478.342,1.96951296
239,478.342,1.977808896
240,478.342,1.98583296
241,478.342,1.994255104
242,478.342,2.002266112
243,478.342,2.010214144
244,469.192,2.018264064
245,469.192,2.026119936
246,469.192,2.034787072
247,469.192,2.042545152
248,469.192,2.050415104
249,469.192,2.058310144
250,469.192,2.06667008
251,469.192,2.07467008
252,469.192,2.083293952
253,469.192,2.09172096
254,469.192,2.099480064
255,469.192,2.10778112
256,469.192,2.11758208
257,469.192,2.125411072
258,469.192,2.133341952
259,469.192,2.141709056
260,469.192,2.149824
261,469.192,2.157688064
262,469.192,2.165414912
263,469.192,2.173323008
264,469.192,2.182002944
265,469.192,2.190658048
266,469.192,2.198608896
267,469.192,2.206918912
268,469.192,2.215439104
269,469.192,2.223640064
270,469.192,2.23159808
271,469.192,2.24176
272,469.192,2.250668032
273,469.192,2.25841408
274,469.192,2.266492928
275,469.192,2.275245056
276,469.192,2.283162112
277,469.192,2.291579136
278,469.192,2.299430912
279,469.192,2.307373056
280,469.192,2.315297024
281,469.192,2.323198976
282,469.192,2.331705088
283,469.192,2.33958912
284,469.192,2.34727296
285,469.192,2.355250944
286,469.192,2.36294912
287,469.192,2.37088896
288,469.192,2.380128
289,469.192,2.388600064
290,469.192,2.396473088
291,469.192,2.404475904
292,469.192,2.412678912
293,469.192,2.42183808
294,469.192,2.43000192
295,469.192,2.438016
296,469.192,2.44599808
297,469.192,2.454521088
298,469.192,2.462311936
299,458.410,2.470439936
300,442.910,2.478221056
301,442.910,2.487355136
302,442.910,2.49626496
303,442.910,2.504998912
304,442.910,2.514445056
305,442.910,2.522678016
306,442.910,2.53086208
307,442.910,2.539350016
308,442.910,2.547302912
309,442.910,2.555164928
310,442.910,2.563062016
311,442.910,2.57102208
312,442.910,2.579481088
313,442.910,2.587494912
314,442.910,2.595452928
315,442.910,2.603610112
316,442.910,2.61188992
317,442.910,2.619868928
318,442.910,2.627859968
319,442.910,2.635835904
320,442.910,2.643794944
321,442.910,2.652265984
322,442.910,2.660361984
323,442.910,2.66867712
324,442.910,2.678689024
325,442.910,2.686758144
326,442.910,2.695139072
327,442.910,2.703195136
328,442.910,2.711060992
329,442.910,2.719134976
330,442.910,2.726938112
331,442.910,2.735117056
332,415.230,2.743664128
333,415.230,2.751532032
334,415.230,2.759294976
335,415.230,2.76724608
336,415.230,2.777852928
337,415.230,2.786982144
338,415.230,2.794972928
339,415.230,2.803981056
340,434.321,2.812659968
341,434.321,2.82051712
342,434.321,2.828861952
343,434.321,2.836944896
344,434.321,2.844706048
345,434.321,2.852742144
346,434.321,2.860491008
347,434.321,2.868436992
348,434.321,2.876930048
349,434.321,2.884798976
350,434.321,2.892577024
351,434.321,2.900506112
352,434.321,2.90845312
353,434.321,2.91710592
354,434.321,2.92497408
355,434.321,2.932780032
356,434.321,2.942657024
357,434.321,2.951248896
358,438.737,2.95992192
359,438.737,2.967920128
360,438.737,2.97589504
361,438.737,2.983811072
362,438.737,2.991744
363,438.737,3.000178944
364,438.737,3.00791808
365,438.737,3.01569792
366,438.737,3.023559936
367,438.737,3.031312896
368,438.737,3.03995904
369,438.737,3.047617024
370,438.737,3.055667968
371,438.737,3.065889024
372,438.737,3.075878144
373,438.737,3.084487936
374,438.737,3.092463104
375,438.737,3.100367104
376,438.737,3.108225024
377,438.737,3.116653056
378,438.737,3.124460032
379,438.737,3.132403968
380,438.737,3.140368896
381,438.737,3.148411136
382,438.737,3.15687296
383,438.737,3.164747008
384,438.737,3.172847104
385,438.737,3.180748032
386,438.737,3.18884096
387,438.737,3.198840064
388,438.737,3.207142144
389,438.737,3.215083008
390,438.737,3.222876928
391,438.737,3.231286016
392,438.737,3.239411968
393,438.737,3.247451904
394,438.737,3.25773312
395,438.737,3.265910016
396,438.737,3.274374144
397,353.666,3.282270976
398,353.666,3.290163968
399,353.666,3.297890048
400,353.666,3.307195136
401,353.666,3.315096064
402,353.666,3.32308608
403,353.666,3.33092992
404,353.666,3.338906112
405,353.666,3.347904
406,353.666,3.355801088
407,353.666,3.363602944
408,353.666,3.373682944
409,353.666,3.382509056
410,375.650,3.390415104
411,375.650,3.398419968
412,375.650,3.406377984
413,375.650,3.414171136
414,375.650,3.422948096
415,375.650,3.430738944
416,375.650,3.438889984
417,375.650,3.44676992
418,375.650,3.454650112
419,375.650,3.463193088
420,375.650,3.471318016
421,409.020,3.479250944
422,409.020,3.48714112
423,409.020,3.498153984
424,409.020,3.507542016
425,409.020,3.515443968
426,409.020,3.523417088
427,409.020,3.531286016
428,409.020,3.539265024
429,409.020,3.547622144
430,409.020,3.555782912
431,409.020,3.563515136
432,409.020,3.571544064
433,515.794,3.579497984
434,515.794,3.587939072
435,515.794,3.595948032
436,515.794,3.604019968
437,515.794,3.611930112
438,515.794,3.619998976
439,515.794,3.628150016
440,515.794,3.637106944
441,515.794,3.644875008
442,515.794,3.653234944
443,515.794,3.661035008
444,515.794,3.669385984
445,515.794,3.67726592
446,515.794,3.685263104
447,515.794,3.693441024
448,515.794,3.702044928
449,515.794,3.71013504
450,515.794,3.718352128
451,515.794,3.726523904
452,515.794,3.734598144
453,515.794,3.743051008
454,515.794,3.751514112
455,515.794,3.759532032
456,515.794,3.767547904
457,515.794,3.775416064
458,515.794,3.78408192
459,515.794,3.792551936
460,515.794,3.80029696
461,515.794,3.808210944
462,515.794,3.816815104
463,515.794,3.824689152
464,515.794,3.832448
465,515.794,3.840443904
466,515.794,3.848211968
467,515.794,3.856666112
468,515.794,3.864678144
469,515.794,3.872500992
470,515.794,3.880285952
471,515.794,3.888691968
472,515.794,3.89642112
473,515.794,3.904449024
474,515.794,3.912143104
475,515.794,3.921009152
476,515.794,3.929382144
477,515.794,3.938694912
478,515.794,3.94756608
479,515.794,3.955938048
480,515.794,3.963966976
481,515.794,3.972506112
482,515.794,3.980477952
483,515.794,3.98843392
484,515.794,3.996205056
485,515.794,4.004115968
486,515.794,4.012285952
487,515.794,4.020452096
488,515.794,4.028345088
489,515.794,4.036265984
490,515.794,4.04410112
491,515.794,4.05195392
492,515.794,4.060530944
493,515.794,4.068455936
494,515.794,4.07627392
495,515.794,4.084386048
496,515.794,4.092673024
497,515.794,4.100731136
498,515.794,4.108711936
499,515.794,4.116659968
500,515.794,4.125103104
501,515.794,4.133378048
502,515.794,4.141394944
503,515.794,4.149474048
504,515.794,4.157275136
505,515.794,4.165167104
506,515.794,4.17357696
507,515.794,4.181323008
508,515.794,4.189283072
509,515.794,4.19697408
510,515.794,4.206031104
511,515.794,4.214246144
512,515.794,4.222253056
513,515.794,4.230155008
514,515.794,4.23805312
515,515.794,4.24589696
516,515.794,4.254450944
517,515.794,4.262150144
518,515.794,4.27011712
519,515.794,4.277882112
520,515.794,4.286401024
521,515.794,4.294177024
522,515.794,4.301931008
523,515.794,4.309828096
524,515.794,4.317743104
525,515.794,4.326043136
526,515.794,4.335713024
527,515.794,4.345344
528,515.794,4.354147072
529,515.794,4.362887936
530,515.794,4.371009024
531,533.662,4.378968064
532,533.662,4.38688896
533,533.662,4.394496
534,533.662,4.402992128
535,533.662,4.410685952
536,533.662,4.418572032
537,533.662,4.426498048
538,533.662,4.434307072
539,533.662,4.442662912
540,533.662,4.450486016
541,533.662,4.45827712
542,533.662,4.466066944
543,533.662,4.473956096
544,533.662,4.482246144
545,533.662,4.490387968
546,533.662,4.498235136
547,533.662,4.506987008
548,533.662,4.514918144
549,533.662,4.522692096
550,533.662,4.531121152
551,533.662,4.539070976
552,533.662,4.546854144
553,533.662,4.557341952
554,533.662,4.565470976
555,533.662,4.573947904
556,517.527,4.581811968
557,517.527,4.589947136
558,517.527,4.597720064
559,517.527,4.605876992
560,517.527,4.614237952
561,517.527,4.622166016
562,517.527,4.630153984
563,623.835,4.638220032
564,623.835,4.646256128
565,530.296,4.65563904
566,530.296,4.663363072
567,530.296,4.671288064
568,530.296,4.679099136
569,530.296,4.688048128
570,530.296,4.696528896
571,530.296,4.704790016
572,530.296,4.712666112
573,530.296,4.72051712
574,530.296,4.728403968
575,530.296,4.736788992
576,534.204,4.744896
577,534.204,4.756340992
578,614.698,4.764286976
579,614.698,4.77291008
580,614.698,4.781174016
581,614.698,4.789014016
582,614.698,4.796708096
583,614.698,4.804609024
584,614.698,4.812852992
585,614.698,4.821179136
586,614.698,4.82893696
587,614.698,4.836785152
588,614.698,4.844708096
589,614.698,4.853185024
590,614.698,4.86099712
591,614.698,4.869010944
592,614.698,4.877094144
593,614.698,4.88581504
594,614.698,4.89368704
595,614.698,4.901712128
596,614.698,4.909473024
597,633.189,4.917345024
598,633.189,4.926107904
599,633.189,4.934816
600,633.189,4.942863104
601,633.189,4.950795008
602,628.361,4.95937408
603,628.361,4.967849984
604,628.361,4.97611008
605,628.361,4.984528128
606,628.361,4.992267008
607,628.361,5.000634112
608,628.361,5.008658944
609,628.361,5.016615936
610,628.361,5.024678912
611,628.361,5.033126912
612,628.361,5.041019904
613,628.361,5.04888704
614,628.361,5.056704
615,628.361,5.065086976
616,628.361,5.073074944
617,628.361,5.08104704
618,628.361,5.089092096
619,490.159,5.096877056
620,490.159,5.105415936
621,490.159,5.113107968
622,490.159,5.120987136
623,490.159,5.128854016
624,490.159,5.138662144
625,490.159,5.148802048
626,490.159,5.156646912
627,486.017,5.164883968
628,486.017,5.17322496
629,486.017,5.18117504
630,486.017,5.189539072
631,486.017,5.197350144
632,486.017,5.20532608
633,486.017,5.213990912
634,486.017,5.222136064
635,486.017,5.23040512
636,486.017,5.238470144
637,486.017,5.246386944
638,486.017,5.254284032
639,486.017,5.262270976
640,486.017,5.27072896
641,486.017,5.27872
642,486.017,5.287107072
643,486.017,5.295126016
644,486.017,5.303224064
645,486.017,5.311476992
646,486.017,5.319641088
647,486.017,5.327526144
648,486.017,5.335345152
649,486.017,5.343337984
650,486.017,5.352100096
651,486.017,5.360139008
652,486.017,5.368244992
653,486.017,5.376064
654,486.017,5.384075008
655,486.017,5.392514048
656,486.017,5.400704
657,486.017,5.40890496
658,486.017,5.416859904
659,486.017,5.425596928
660,486.017,5.433850112
661,486.017,5.442019072
662,486.017,5.450243072
663,451.445,5.458545152
664,451.445,5.468507904
665,451.445,5.476574976
666,451.445,5.484525056
667,451.445,5.493385984
668,451.445,5.50289408
669,451.445,5.511298048
670,451.445,5.52164608
671,451.445,5.529723136
672,451.445,5.537510144
673,451.445,5.545703936
674,451.445,5.553723136
675,451.445,5.561519104
676,451.445,5.569491968
677,451.445,5.577619968
678,451.445,5.586406912
679,451.445,5.594214912
680,451.445,5.602064896
681,451.445,5.610364928
682,451.445,5.618178048
683,451.445,5.626031104
684,451.445,5.63395712
685,451.445,5.641714944
686,451.445,5.649882112
687,451.445,5.657858048
688,451.445,5.66574592
689,476.102,5.67371392
690,451.445,5.68214912
691,451.445,5.690136064
692,451.445,5.698075904
693,451.445,5.706059008
694,451.445,5.714526976
695,451.445,5.72250496
696,451.445,5.730223104
697,451.445,5.739124992
698,451.445,5.74683008
699,451.445,5.75543296
700,451.445,5.763494144
701,451.445,5.771289088
702,451.445,5.77904
703,451.445,5.786854144
704,451.445,5.795115008
705,451.445,5.803433984
706,445.458,5.811330048
707,445.458,5.81959808
708,445.458,5.827377152
709,445.458,5.835858944
710,445.458,5.843664896
711,445.458,5.851393024
712,445.458,5.85917312
713,445.458,5.866992128
714,445.458,5.87531392
715,445.458,5.883289088
716,445.458,5.891198976
717,445.458,5.898970112
718,445.458,5.906992128
719,445.458,5.915373056
720,445.458,5.923303936
721,445.458,5.931151104
722,445.458,5.939041024
723,445.458,5.946983936
724,445.458,5.955475968
725,445.458,5.96327808
726,445.458,5.971239936
727,445.458,5.97883392
728,445.458,5.986674944
729,445.458,5.995110144
730,445.458,6.003053056
731,445.458,6.011111936
732,480.736,6.019034112
733,445.458,6.027924992
734,445.458,6.036045056
735,445.458,6.043859968
736,445.458,6.051883008
737,445.458,6.059590912
738,445.458,6.068062976
739,445.458,6.075852032
740,445.458,6.083715072
741,467.360,6.091642112
742,445.458,6.099449088
743,445.458,6.10795392
744,445.458,6.115780096
745,445.458,6.123549952
746,445.458,6.131193088
747,445.458,6.141483008
748,445.458,6.150266112
749,445.458,6.158096896
750,445.458,6.169129984
751,445.458,6.17760896
752,445.458,6.186258944
753,445.458,6.194171904
754,445.458,6.20223104
755,445.458,6.210349056
756,445.458,6.21892608
757,445.458,6.227218944
758,445.458,6.235250944
759,445.458,6.243267072
760,445.458,6.251072
761,445.458,6.25920896
762,445.458,6.269971968
763,445.458,6.278546944
764,445.458,6.28640512
765,445.458,6.294768128
766,445.458,6.302898944
767,445.458,6.310705152
768,445.458,6.318758912
769,445.458,6.326955008
770,445.458,6.334878976
771,445.458,6.34280192
772,445.458,6.350630912
773,425.612,6.35895808
774,425.612,6.366790912
775,385.826,6.374727936
776,385.826,6.382683904
777,399.610,6.390658048
778,378.231,6.399137024
779,378.231,6.407213056
780,378.231,6.414974976
781,378.231,6.423770112
782,378.231,6.431595008
783,378.231,6.440147968
784,378.231,6.447913984
785,378.231,6.455774976
786,378.231,6.463654912
787,378.231,6.471542016
788,378.231,6.479867136
789,378.231,6.487907072
790,378.231,6.49563008
791,378.231,6.503622912
792,378.231,6.511448064
793,378.231,6.519832064
794,378.231,6.527892992
795,378.231,6.53581312
796,378.231,6.543591936
797,378.231,6.55153792
798,378.231,6.559821056
799,378.231,6.569446912
800,378.231,6.577484032
801,378.231,6.585611008
802,378.231,6.593348096
803,378.231,6.601883904
804,378.231,6.609924096
805,378.231,6.617818112
806,378.231,6.625816064
807,378.231,6.63387904
808,378.231,6.642192128
809,378.231,6.65109504
810,378.231,6.659057152
811,378.231,6.66704896
812,378.231,6.67498112
813,378.231,6.683446016
814,378.231,6.692556032
815,378.231,6.700411136
816,377.953,6.709446912
817,377.953,6.718142976
818,377.953,6.726235904
819,377.953,6.73489408
820,377.953,6.742950912
821,377.953,6.750804992
822,377.953,6.759354112
823,377.953,6.767124992
824,377.953,6.774835968
825,377.953,6.782656
826,377.953,6.790539008
827,377.953,6.798833152
828,377.953,6.80683904
829,377.953,6.814532096
830,377.953,6.823041024
831,377.953,6.831227904
832,377.953,6.839164928
833,377.953,6.847160064
834,377.953,6.85502592
835,377.953,6.863367936
836,377.953,6.871281152
837,377.953,6.878906112
838,377.953,6.886733056
839,377.953,6.894599936
840,377.953,6.902788096
841,377.953,6.912
842,377.953,6.920003072
843,377.953,6.927952128
844,377.953,6.93579392
845,377.953,6.943547136
846,377.953,6.951489024
847,377.953,6.959723008
848,377.953,6.96763904
849,417.068,6.975501056
850,377.953,6.983152128
851,377.953,6.990828032
852,377.953,6.998580992
853,377.953,7.006381056
854,377.953,7.014767104
855,377.953,7.024990976
856,377.953,7.03407104
857,377.953,7.041876992
858,377.953,7.049702144
859,377.953,7.05750912
860,377.953,7.065839104
861,377.953,7.074107136
862,377.953,7.082791936
863,377.953,7.090636032
864,377.953,7.09816704
865,422.258,7.10586112
866,367.358,7.114275072
867,367.358,7.122201088
868,367.358,7.131055104
869,367.358,7.13899904
870,367.358,7.146784
871,367.358,7.154683904
872,367.358,7.162834944
873,367.358,7.170777088
874,367.358,7.178739968
875,367.358,7.188397056
876,367.358,7.197558016
877,367.358,7.205526016
878,367.358,7.213356032
879,367.358,7.221819904
880,367.358,7.229793024
881,367.358,7.237665024
882,367.358,7.245396992
883,367.358,7.253492992
884,367.358,7.261156096
885,367.358,7.269563904
886,367.358,7.277336064
887,367.358,7.285161984
888,367.358,7.29296896
889,367.358,7.30116992
890,367.358,7.308896
891,367.358,7.31886208
892,367.358,7.329108992
893,438.935,7.337289984
894,367.358,7.345273088
895,367.358,7.353145088
896,367.358,7.361442048
897,367.358,7.369624064
898,367.358,7.377593088
899,367.358,7.385650944
900,367.358,7.393483008
901,367.358,7.40298496
902,367.358,7.41267712
903,367.358,7.420701952
904,367.358,7.428658944
905,367.358,7.436623104
906,367.358,7.444621056
907,367.358,7.452708096
908,367.358,7.461199104
909,367.358,7.469227008
910,367.358,7.476982016
911,367.358,7.484989952
912,367.358,7.492922112
913,367.358,7.500834048
914,367.358,7.50935296
915,367.358,7.517286144
916,367.358,7.525147136
917,367.358,7.53300992
918,367.358,7.541259008
919,367.358,7.549592064
920,367.358,7.557574912
921,289.018,7.565403136
922,289.018,7.573488128
923,289.018,7.58139904
924,289.018,7.589778944
925,289.018,7.598226944
926,289.018,7.606426112
927,204.607,7.614330112
928,204.607,7.622273024
929,204.607,7.63010304
930,204.607,7.638650112
931,204.607,7.646640128
932,204.607,7.655568128
933,204.607,7.663258112
934,204.607,7.671340032
935,204.607,7.679025152
936,204.607,7.687366144
937,204.607,7.695201024
938,204.607,7.70452608
939,204.607,7.713915904
940,204.607,7.72180608
941,204.607,7.730232064
942,204.607,7.73812992
943,204.607,7.746025984
944,204.607,7.754075904
945,204.607,7.761816064
946,204.607,7.770255104
947,209.388,7.777958144
948,204.607,7.785991936
949,204.607,7.795518976
950,204.607,7.803472128
951,204.607,7.811261952
952,204.607,7.819824128
953,204.607,7.827885056
954,204.607,7.835801088
955,190.724,7.84378112
956,190.724,7.85168896
957,190.724,7.859995904
958,190.724,7.867881984
959,190.724,7.875623936
960,190.724,7.883613952
961,190.724,7.891546112
962,190.724,7.899853056
963,190.724,7.907664128
964,190.724,7.916038144
965,190.724,7.924379904
966,190.724,7.932172032
967,190.724,7.940486144
968,190.724,7.948280064
969,190.724,7.956322048
970,190.724,7.96408192
971,190.724,7.972198912
972,190.724,7.981179904
973,190.724,7.989659136
974,190.724,7.997433088
975,190.724,8.005371904
976,135.541,8.014141952
977,135.541,8.022084096
978,135.541,8.03006592
979,135.541,8.038139904
980,135.541,8.046196992
981,135.541,8.054868992
982,135.541,8.062694912
983,135.541,8.071674112
984,135.541,8.079491072
985,135.541,8.088733952
986,135.541,8.098172928
987,135.541,8.106415104
988,196.235,8.114171136
989,135.541,8.121961984
990,135.541,8.12980992
991,135.541,8.138331904
992,135.541,8.14607104
993,135.541,8.154417152
994,135.541,8.162336
995,135.541,8.171187968
996,143.514,8.17908608
997,135.541,8.187184128
998,135.541,8.195020032
999,135.541,8.202910976
1000,112.284,8.211395072
1001,112.284,8.219334144
1002,112.284,8.22715904
1003,112.284,8.235193088
1004,112.284,8.243507968
1005,112.284,8.251586048
1006,112.284,8.259794944
1007,112.284,8.267731968
1008,112.284,8.276187136
1009,112.284,8.284670976
1010,112.284,8.293275904
1011,112.284,8.301229056
1012,112.284,8.309197056
1013,112.284,8.317184
1014,112.284,8.325506048
1015,63.901,8.333273088
1016,63.901,8.340998912
1017,63.901,8.348667904
1018,63.901,8.356600064
1019,63.901,8.364825088
1020,63.901,8.373456896
1021,63.901,8.38125312
1022,63.901,8.38897792
1023,63.901,8.39674496
1024,63.901,8.40445696
1025,63.901,8.412006912
1026,63.901,8.421263104
1027,63.901,8.42891904
1028,63.901,8.43688704
1029,63.901,8.444470016
1030,63.901,8.452219904
1031,63.901,8.460079104
1032,63.901,8.467785984
1033,63.901,8.476073984
1034,63.901,8.483969024
1035,63.901,8.491567104
1036,63.901,8.49920896
1037,63.901,8.50705792
1038,63.901,8.514772992
1039,63.901,8.522993152
1040,63.901,8.530875904
1041,63.901,8.53856896
1042,63.901,8.546531072
1043,63.901,8.554339072
1044,63.901,8.561895936
1045,63.901,8.570255104
1046,63.901,8.577923072
1047,63.901,8.585616896
1048,83.409,8.593464064
1049,63.901,8.601697024
1050,63.901,8.611736064
1051,63.901,8.620141056
1052,63.901,8.627828992
1053,63.901,8.635689984
1054,63.901,8.643282944
1055,63.901,8.651001088
1056,63.901,8.658691072
1057,63.901,8.667100928
1058,63.901,8.674895104
1059,63.901,8.68253696
1060,63.901,8.690305024
1061,63.901,8.697993984
1062,63.901,8.705792
1063,63.901,8.713885952
1064,63.901,8.721792
1065,63.901,8.729378048
1066,63.901,8.737176064
1067,63.901,8.744962048
1068,63.901,8.753364992
1069,63.901,8.760975104
1070,63.901,8.769083904
1071,63.901,8.776684032
1072,63.901,8.784423936
1073,63.901,8.792185088
1074,63.901,8.800625152
1075,63.901,8.808427008
1076,63.901,8.816065024
1077,63.901,8.824091904
1078,63.901,8.831737088
1079,63.901,8.839419904
1080,63.901,8.847419904
1081,63.901,8.857124096
1082,63.901,8.865626112
1083,63.901,8.87438208
1084,63.901,8.882098944
1085,63.901,8.890377984
1086,63.901,8.900706048
1087,53.767,8.910381056
1088,53.767,8.918492928
1089,53.767,8.926329088
1090,53.767,8.935812096
1091,53.767,8.945371904
1092,53.767,8.95332096
1093,53.767,8.961078016
1094,53.767,8.969131008
1095,53.767,8.977426944
1096,53.767,8.985721088
1097,53.767,8.993487104
1098,53.767,9.001453056
1099,53.767,9.009267968
1100,53.767,9.017216
1101,53.767,9.025821952
1102,53.767,9.034196992
1103,53.767,9.042089984
1104,53.767,9.050097152
1105,53.767,9.05792512
1106,53.308,9.065716992
1107,53.308,9.074433024
1108,53.308,9.08289408
1109,53.308,9.094051072
1110,53.308,9.102226944
1111,53.308,9.110086144
1112,53.308,9.118425088
1113,53.308,9.12609792
1114,53.308,9.135124992
1115,53.308,9.144975104
1116,53.308,9.15296
1117,53.308,9.161214976
1118,53.308,9.16926208
1119,53.308,9.177244928
1120,53.308,9.185136128
1121,53.308,9.193033984
1122,53.308,9.201426944
1123,53.308,9.209364992
1124,53.308,9.217284096
1125,53.308,9.22493312
1126,53.308,9.232683008
1127,53.308,9.241089024
1128,53.308,9.248859136
1129,57.014,9.256816128
1130,53.308,9.264583936
1131,53.308,9.27263104
1132,53.308,9.281051136
1133,53.308,9.289083136
1134,53.308,9.297076992
1135,53.308,9.306237952
1136,53.308,9.315224064
1137,53.308,9.323451136
1138,53.308,9.331347968
1139,53.308,9.339184128
1140,53.308,9.34680192
1141,53.308,9.35476096
1142,53.982,9.363104
1143,53.308,9.371072
1144,56.153,9.37898112
1145,53.308,9.386822912
1146,53.308,9.394594048
1147,53.308,9.403143936
1148,53.308,9.410907136
1149,53.308,9.420710144
1150,53.308,9.429149952
1151,53.308,9.43758208
1152,65.374,9.445356032
1153,53.308,9.455321088
1154,53.308,9.463742976
1155,53.308,9.472004096
1156,53.308,9.480235008
1157,53.308,9.489457152
1158,53.308,9.497310976
1159,33.213,9.505347072
1160,33.213,9.513715968
1161,33.213,9.521677056
1162,33.213,9.529449984
1163,33.213,9.537404928
1164,33.213,9.545289984
1165,33.213,9.553916928
1166,33.213,9.561625088
1167,33.213,9.569586944
1168,33.213,9.57738496
1169,33.213,9.585972992
1170,33.213,9.593728
1171,33.213,9.60155008
1172,51.783,9.609488896
1173,33.213,9.61796096
1174,33.213,9.625750016
1175,33.213,9.633630976
1176,33.213,9.641517056
1177,33.213,9.649340928
1178,33.213,9.658481152
1179,33.213,9.666395136
1180,33.213,9.674420992
1181,33.213,9.682192128
1182,33.213,9.691229952
1183,33.213,9.699298048
1184,33.213,9.707444992
1185,33.213,9.715936
1186,33.213,9.72385792
1187,33.213,9.731788032
1188,33.213,9.740096
1189,33.213,9.749036032
1190,33.213,9.756980992
1191,33.213,9.765257984
1192,34.794,9.773447936
1193,33.213,9.781211136
1194,33.213,9.789275904
1195,33.213,9.797062144
1196,33.213,9.80507904
1197,33.213,9.81695104
1198,33.213,9.825214976
1199,33.213,9.833048064
1200,33.213,9.840734976
1201,33.213,9.848563968
1202,33.213,9.856391936
1203,33.213,9.864743936
1204,33.213,9.872731136
1205,33.213,9.880486144
1206,33.213,9.889204992
1207,33.213,9.897338112
1208,33.213,9.907299072
1209,33.213,9.91659904
1210,33.213,9.92462208
1211,33.213,9.932379136
1212,33.213,9.94059392
1213,33.213,9.949056
1214,33.213,9.957185024
1215,33.213,9.965692928
1216,33.213,9.973456128
1217,41.645,9.981254144
1218,33.213,9.98909696
1219,59.505,10.000655104
1220,33.213,10.009206016
1221,33.213,10.017790976
1222,33.213,10.028975104
1223,33.213,10.037683968
1224,33.213,10.045840896
1225,33.213,10.053722112
1226,33.213,10.06239104
1227,33.213,10.070726144
1228,33.213,10.078643968
1229,33.213,10.086791936
1230,33.213,10.094992128
1231,33.213,10.104780032
1232,33.213,10.113844992
1233,33.213,10.121883136
1234,33.213,10.129628928
1235,34.472,10.13755008
1236,64.375,10.145323008
1237,33.158,10.153332992
1238,33.158,10.161723904
1239,33.158,10.169670144
1240,33.158,10.180726016
1241,33.158,10.18946304
1242,26.190,10.19741312
1243,26.190,10.205860096
1244,26.190,10.213754112
1245,26.190,10.22158592
1246,26.190,10.229263104
1247,26.190,10.237210112
1248,26.190,10.244890112
1249,26.190,10.253773056
1250,26.190,10.261524992
1251,26.190,10.26935296
1252,26.190,10.27723392
1253,26.190,10.285099008
1254,26.190,10.293420032
1255,26.190,10.301483008
1256,26.190,10.309654016
1257,26.190,10.318384128
1258,26.190,10.327277056
1259,26.190,10.33524608
1260,26.190,10.343684096
1261,26.190,10.351778048
1262,26.190,10.359776
1263,26.190,10.367682048
1264,26.190,10.375672064
1265,26.190,10.384248064
1266,26.190,10.391964928
1267,26.190,10.399774976
1268,26.190,10.40849408
1269,26.190,10.41627904
1270,26.190,10.424752128
1271,26.190,10.432719104
1272,26.190,10.440781056
1273,15.737,10.448523008
1274,15.737,10.458428928
1275,15.737,10.467751936
1276,15.737,10.475734016
1277,15.737,10.484587008
1278,15.737,10.492656128
1279,15.737,10.500579072
1280,15.737,10.508920064
1281,15.737,10.51697408
1282,15.737,10.524859904
1283,15.737,10.532756992
1284,15.737,10.540651008
1285,15.737,10.549092096
1286,15.737,10.557075968
1287,15.737,10.564932096
1288,15.737,10.572843008
1289,15.737,10.580550912
1290,15.737,10.58898304
1291,15.737,10.596832
1292,15.737,10.604755968
1293,15.737,10.612787968
1294,15.737,10.620891136
1295,15.737,10.629108992
1296,15.737,10.637251072
1297,15.737,10.645027072
1298,15.737,10.652911104
1299,15.737,10.662246912
1300,15.737,10.670631936
1301,15.737,10.678550016
1302,15.737,10.687181056
1303,15.737,10.69540608
1304,15.737,10.703942144
1305,15.737,10.711828992
1306,15.737,10.721969152
1307,15.737,10.731579904
1308,22.251,10.739491072
1309,15.737,10.747970048
1310,15.737,10.755897088
1311,15.737,10.763856896
1312,15.737,10.77188992
1313,15.737,10.779606016
1314,15.737,10.788075008
1315,15.737,10.795867904
1316,15.737,10.80375296
1317,15.737,10.811945984
1318,15.737,10.821414144
1319,15.737,10.829345024
1320,15.737,10.837732096
1321,15.737,10.845785088
1322,15.737,10.853670912
1323,15.737,10.862003968
1324,15.737,10.870220032
1325,15.737,10.878127104
1326,15.737,10.886241024
1327,15.737,10.894780928
1328,15.737,10.902717952
1329,15.737,10.910656
1330,15.737,10.918704128
1331,15.737,10.926699008
1332,15.737,10.935248128
1333,15.737,10.943038976
1334,15.737,10.95095296
1335,15.737,10.958703104
1336,15.737,10.966541056
1337,15.737,10.974607104
1338,15.737,10.982947072
1339,15.737,10.990834944
1340,15.737,10.998788096
1341,15.737,11.00685312
1342,15.737,11.01483008
1343,15.737,11.022852096
1344,15.737,11.030641152
1345,15.737,11.039259136
1346,15.737,11.047001088
1347,15.737,11.055014912
1348,15.737,11.062755072
1349,15.737,11.070652928
1350,15.737,11.078608128
1351,15.737,11.087073024
1352,15.737,11.094813952
1353,15.737,11.103646976
1354,15.737,11.111467008
1355,15.737,11.119503104
1356,15.737,11.12731008
1357,15.737,11.13592192
1358,15.737,11.145245952
1359,15.737,11.155046144
1360,15.737,11.162843136
1361,15.737,11.17188608
1362,15.399,11.180610048
1363,15.399,11.189282048
1364,15.399,11.19944704
1365,15.399,11.209146112
1366,15.399,11.217165056
1367,15.399,11.225145088
1368,15.399,11.233051904
1369,15.399,11.241744128
1370,15.399,11.249602048
1371,15.399,11.257368064
1372,15.399,11.265156096
1373,15.399,11.272956928
1374,15.399,11.28065792
1375,15.399,11.289530112
1376,15.399,11.29720704
1377,15.399,11.30541696
1378,15.399,11.313180928
1379,15.399,11.321566976
1380,15.399,11.329883904
1381,15.399,11.338320896
1382,15.399,11.346299904
1383,15.399,11.35424512
1384,15.399,11.362289152
1385,15.399,11.370288128
1386,15.399,11.378681088
1387,15.399,11.386932992
1388,15.399,11.394715904
1389,15.399,11.402651136
1390,15.399,11.410473984
1391,15.399,11.418305024
1392,15.399,11.426886144
1393,15.399,11.435137024
1394,15.399,11.442883072
1395,15.399,11.450768896
1396,15.399,11.458659072
1397,15.399,11.466556928
1398,13.638,11.475526912
1399,11.774,11.483430144
1400,11.774,11.491399936
1401,11.774,11.499228928
1402,11.774,11.507174912
1403,11.774,11.51590912
1404,11.774,11.523702016
1405,11.774,11.531610112
1406,11.774,11.54020992
1407,11.774,11.548796928
1408,11.774,11.556771072
1409,11.774,11.56516992
1410,11.774,11.574183936
1411,11.774,11.581961984
1412,11.774,11.58993408
1413,11.774,11.597711104
1414,11.774,11.609139968
1415,11.774,11.617682944
1416,11.774,11.625569024
1417,11.774,11.633383936
1418,11.774,11.641371904
1419,18.567,11.649261056
1420,11.774,11.657560064
1421,11.774,11.665466112
1422,11.774,11.67344
1423,11.774,11.681243136
1424,11.774,11.689827072
1425,11.774,11.698050048
1426,11.774,11.706304
1427,11.774,11.714086912
1428,11.774,11.722665984
1429,11.774,11.73056512
1430,9.226,11.738884096
1431,9.226,11.746842112
1432,9.226,11.754706944
1433,9.226,11.762462976
1434,9.226,11.770352128
1435,9.226,11.778620928
1436,9.226,11.786692096
1437,9.226,11.794466048
1438,9.226,11.802342144
1439,9.226,11.81021696
1440,9.226,11.81878912
1441,9.226,11.826608128
1442,9.226,11.834406144
1443,9.226,11.842128896
1444,9.226,11.849958912
1445,4.407,11.858236928
1446,4.407,11.866031104
1447,4.407,11.874043136
1448,4.407,11.88171008
1449,4.407,11.889542912
1450,4.407,11.898025984
1451,4.407,11.905982976
1452,4.407,11.913755136
1453,4.407,11.921633024
1454,4.407,11.929347072
1455,4.407,11.937884928
1456,4.407,11.945581056
1457,4.407,11.953348096
1458,4.407,11.961184
1459,4.407,11.968978944
1460,10.417,11.977321984
1461,4.407,11.985369088
1462,4.407,11.993620992
1463,4.407,12.001532928
1464,4.407,12.009859072
1465,4.407,12.017688064
1466,4.407,12.02557312
1467,4.541,12.033531136
1468,4.407,12.041372928
1469,4.407,12.050259968
1470,4.407,12.060065024
1471,2.265,12.067906048
1472,2.265,12.07568512
1473,2.265,12.083584
1474,2.265,12.09152896
1475,2.265,12.100073984
1476,2.265,12.109085952
1477,2.265,12.117071104
1478,2.265,12.12544
1479,2.265,12.133243136
1480,2.265,12.141682944
1481,2.265,12.149498112
1482,2.265,12.157711104
1483,2.265,12.165574912
1484,2.265,12.173268992
1485,2.265,12.181082112
1486,2.265,12.189473024
1487,2.265,12.197273088
1488,2.265,12.205252096
1489,2.265,12.212889088
1490,2.265,12.220632064
1491,2.265,12.229019904
1492,2.265,12.236860928
1493,2.265,12.244755968
1494,2.265,12.253246976
1495,2.265,12.261584896
1496,2.265,12.270110976
1497,1.711,12.277915136
1498,1.711,12.285952
1499,1.711,12.293577984
1500,1.711,12.301276928
1501,1.711,12.309144064
1502,1.711,12.317568
1503,1.711,12.325309952
1504,1.711,12.333289984
1505,1.711,12.34382592
1506,1.711,12.353437952
1507,1.711,12.361852928
1508,1.711,12.37045504
1509,1.711,12.378686976
1510,1.233,12.386972928
1511,1.233,12.394768128
1512,1.233,12.404882944
1513,1.233,12.416365056
1514,1.233,12.425003008
1515,1.233,12.433242112
1516,1.233,12.443347968
1517,1.233,12.45198592
1518,1.233,12.460144128
1519,1.233,12.468120064
1520,1.233,12.478594048
1521,1.233,12.487011072
1522,1.233,12.495512064
1523,1.233,12.504307968
1524,1.233,12.51250304
1525,1.233,12.52100608
1526,1.233,12.528921088
1527,1.233,12.537526016
1528,1.233,12.545336064
1529,1.233,12.553723904
1530,1.632,12.561554944
1531,1.233,12.569680128
1532,1.233,12.578241024
1533,1.233,12.586301952
1534,1.233,12.594355968
1535,1.233,12.603008
1536,1.233,12.611115008
1537,1.233,12.619890944
1538,1.233,12.62782208
1539,0.871,12.638057984
1540,0.871,12.647664128
1541,0.871,12.656248064
1542,0.871,12.664126976
1543,0.871,12.672054016
1544,0.800,12.679933952
1545,0.800,12.688028928
1546,0.800,12.696420096
1547,0.800,12.704578048
1548,0.800,12.712256
1549,0.800,12.720158976
1550,0.800,12.727972096
1551,0.800,12.736434944
1552,0.800,12.744406016
1553,0.800,12.752348928
1554,0.800,12.76014592
1555,0.800,12.768684032
1556,0.708,12.776566016
1557,0.708,12.784545024
1558,0.708,12.792486144
1559,0.708,12.800355072
1560,0.708,12.808961024
1561,1.246,12.818045952
1562,0.708,12.827677952
1563,0.708,12.835856128
1564,0.708,12.846460928
1565,0.662,12.854768128
1566,0.662,12.863286016
1567,0.662,12.871501056
1568,0.662,12.879451904
1569,0.662,12.888187904
1570,0.662,12.896201984
1571,0.662,12.905295104
1572,0.662,12.913275904
1573,0.662,12.921214976
1574,0.662,12.929176064
1575,0.662,12.937356032
1576,0.662,12.94571008
1577,0.662,12.953875968
1578,0.662,12.961958144
1579,0.662,12.970362112
1580,0.762,12.978482944
1581,0.662,12.987394048
1582,0.662,12.995510016
1583,0.662,13.003529984
1584,0.662,13.01147008
1585,0.662,13.019430912
1586,0.662,13.027806976
1587,0.662,13.035934976
1588,0.662,13.043789056
1589,0.662,13.051908096
1590,0.679,13.060140032
1591,0.662,13.06867712
1592,0.662,13.078938112
1593,0.662,13.08859392
1594,0.662,13.096952064
1595,0.662,13.10494592
1596,0.662,13.113155072
1597,0.662,13.121267968
1598,0.662,13.129235968
1599,0.662,13.13716608
1600,0.662,13.145117952
1601,0.662,13.153702912
1602,0.662,13.16321408
1603,0.662,13.171462144
1604,0.662,13.179430912
1605,0.662,13.188068096
1606,0.662,13.197350144
1607,0.662,13.205323008
1608,0.662,13.212995072
1609,0.662,13.220957952
1610,0.662,13.228642048
1611,0.662,13.237027072
1612,0.662,13.24488192
1613,0.662,13.252752128
1614,0.662,13.260754944
1615,0.662,13.269438976
1616,0.662,13.277240064
1617,0.662,13.285296128
1618,0.662,13.293068032
1619,0.662,13.301135104
1620,0.662,13.30968704
1621,0.662,13.317677056
1622,0.662,13.32577408
1623,0.662,13.333798144
1624,0.662,13.342451968
1625,0.662,13.35041792
1626,0.628,13.358361088
1627,0.628,13.366215936
1628,0.628,13.374160128
1629,0.628,13.38295296
1630,0.628,13.390886144
1631,0.654,13.398611968
1632,0.628,13.407832064
1633,0.628,13.416436992
1634,0.628,13.425062144
1635,0.628,13.432900096
1636,0.628,13.440851968
1637,0.628,13.448625152
1638,0.628,13.456502016
1639,0.628,13.464954112
1640,0.628,13.473283072
1641,0.628,13.48118912
1642,0.628,13.489068032
1643,0.628,13.49669504
1644,0.628,13.504751104
1645,0.628,13.514235136
1646,0.628,13.522653952
1647,1.215,13.530509056
1648,0.628,13.538558976
1649,0.628,13.546324992
1650,0.628,13.554737152
1651,0.628,13.562667008
1652,0.628,13.570778112
1653,0.628,13.578539008
1654,0.628,13.586642944
1655,0.628,13.595138048
1656,0.628,13.603219968
1657,0.628,13.611083008
1658,0.628,13.620515072
1659,0.628,13.62958592
1660,0.628,13.638249984
1661,0.628,13.646031104
1662,0.628,13.653862144
1663,0.628,13.661761024
1664,0.628,13.669549056
1665,0.628,13.67778304
1666,0.628,13.685795072
1667,0.628,13.693632
1668,0.628,13.701618944
1669,0.628,13.710023936
1670,0.628,13.717944064
1671,0.628,13.725895936
1672,0.628,13.733676032
1673,0.628,13.741519104
1674,0.628,13.74986496
1675,0.628,13.757691904
1676,0.628,13.765400064
1677,0.628,13.773344
1678,0.628,13.781117952
1679,0.628,13.790235136
1680,0.628,13.798212096
1681,0.628,13.806313984
1682,0.628,13.814322944
1683,0.628,13.82242304
1684,0.628,13.832027904
1685,0.628,13.841272064
1686,0.628,13.849318144
1687,0.628,13.858279936
1688,0.628,13.866895104
1689,0.664,13.874918912
1690,0.628,13.882863104
1691,0.628,13.890739968
1692,0.628,13.898490112
1693,0.628,13.90699904
1694,0.628,13.91472512
1695,0.628,13.922820096
1696,0.628,13.930572032
1697,0.628,13.938931968
1698,0.628,13.946983936
1699,0.628,13.954913024
1700,0.628,13.962759936
1701,0.628,13.971244032
1702,0.628,13.979179008
1703,0.628,13.987315968
1704,0.628,13.995416064
1705,0.628,14.003855104
1706,0.628,14.01216
1707,0.628,14.02001408
1708,0.628,14.027987968
1709,0.628,14.035971072
1710,0.628,14.044316928
1711,0.628,14.052242944
1712,0.628,14.059966976
1713,0.628,14.068088064
1714,0.628,14.07710592
1715,0.628,14.085107968
1716,0.628,14.092973056
1717,0.628,14.100935936
1718,0.628,14.108879104
1719,0.628,14.117255936
1720,0.628,14.125275136
1721,0.628,14.13358592
1722,0.628,14.141524992
1723,0.628,14.15008
1724,0.628,14.158169088
1725,0.628,14.166061056
1726,0.279,14.17459712

Error results for GA
---------------------------
0,340.180,0.21581696
1,631.637,0.43184896
2,194.788,0.640998912
3,240.321,0.846392832
4,231.744,1.056425984
5,231.744,1.275524864
6,251.724,1.49721088
7,143.886,1.70850176
8,191.355,1.91920896
9,157.460,2.131490816
10,267.795,2.340075776
11,182.960,2.551923968
12,220.620,2.766795008
13,267.293,2.979050752
14,329.604,3.187134976
15,138.337,3.395547904
16,210.064,3.607399936
17,223.254,3.821913856
18,153.244,4.025198848
19,263.695,4.231876864
20,141.324,4.42928896
21,105.280,4.641780992
22,165.195,4.85925888
23,205.157,5.0629248
24,106.272,5.272471808
25,106.759,5.487223808
26,122.129,5.698430976
27,75.307,5.905386752
28,88.615,6.123300864
29,377.579,6.334392832
30,193.109,6.543590912
31,253.670,6.748421888
32,154.780,6.952205824
33,76.124,7.15730688
34,119.605,7.36600576
35,198.136,7.574544896
36,195.370,7.781524992
37,112.277,7.98648576
38,94.057,8.192317952
39,92.097,8.412961792
40,74.672,8.627892992
41,119.464,8.8327808
42,122.855,9.051863808
43,90.829,9.264274944
44,57.689,9.47956992
45,73.051,9.696828928
46,88.275,9.906305792
47,64.365,10.115558912
48,64.067,10.322189824
49,91.840,10.530131968
50,64.067,10.740289792
51,58.189,10.947745792
52,42.705,11.163526912
53,65.088,11.376988928
54,60.928,11.593989888
55,52.846,11.802423808
56,38.863,12.017063936
57,58.784,12.229605888
58,90.908,12.4403328
59,75.037,12.661703936
60,46.804,12.876571904
61,51.865,13.092253952
62,42.705,13.29881984
63,46.804,13.513890816
64,49.805,13.726866944
65,45.202,13.933043968
66,49.517,14.153125888
67,38.275,14.362974976
68,42.705,14.57288192
69,57.849,14.793654784
70,42.705,15.00352896
71,35.408,15.215334912
72,33.524,15.424288
73,33.524,15.64224896
74,42.705,15.853276928
75,33.524,16.060668928
76,42.705,16.27655296
77,33.524,16.49084288
78,33.524,16.698299904
79,42.705,16.910437888
80,22.954,17.109569792
81,33.524,17.320618752
82,33.524,17.53384192
83,16.321,17.742393856
84,17.091,17.949870848
85,22.954,18.154937856
86,26.668,18.360358912
87,17.091,18.569527808
88,17.091,18.771232
89,17.506,18.981034752
90,18.157,19.199862784
91,18.157,19.406607872
92,15.875,19.62028288
93,13.714,19.83499392
94,16.476,20.04102784
95,16.476,20.253835776
96,17.091,20.467289856
97,15.439,20.680548864
98,14.483,20.892382976
99,18.157,21.109062912
100,22.752,21.318983936
101,17.091,21.525933824
102,10.170,21.726103808
103,17.091,21.935456768
104,17.091,22.142663936
105,16.476,22.354908928
106,17.091,22.571550976
107,17.091,22.793445888
108,16.017,23.01310976
109,7.352,23.225396992
110,9.516,23.430373888
111,4.646,23.641028864
112,9.516,23.851361792
113,9.516,24.070497792
114,9.516,24.282930944
115,9.516,24.48842496
116,3.554,24.701625856
117,5.424,24.922912768
118,6.197,25.13662976
119,4.743,25.34859776
120,2.897,25.553611776
121,5.741,25.76385792
122,2.451,25.972391936
123,2.619,26.185977856
124,3.319,26.40021376
125,2.445,26.6111808
126,2.288,26.82432
127,1.531,27.03925376
128,1.150,27.2544448
129,1.591,27.467963904
130,1.591,27.68025088
131,1.591,27.892678912
132,1.591,28.103708928
133,1.591,28.308888832
134,1.591,28.520270848
135,1.591,28.72542592
136,1.591,28.9404608
137,1.591,29.148871936
138,1.591,29.36064896
139,1.591,29.562274816
140,1.591,29.768093952
141,1.591,29.978340864
142,1.397,30.193440768
143,1.591,30.40046976
144,1.629,30.616151808
145,1.591,30.82224384
146,1.705,31.033394944
147,1.591,31.247877888
148,1.591,31.459012864
149,1.591,31.656101888
150,1.007,31.863742976
151,1.007,32.071730944
152,1.591,32.285072896
153,1.007,32.491456
154,1.007,32.698852864
155,1.007,32.91886976
156,0.766,33.126981888
157,1.007,33.33125888
158,1.007,33.540278784
159,1.007,33.74376192
160,1.007,33.965551872
161,1.024,34.177942784
162,1.007,34.38814976
163,1.007,34.597390848
164,1.007,34.81150976
165,1.007,35.029398784
166,1.124,35.237924864
167,1.007,35.443631872
168,1.007,35.660886784
169,0.766,35.877133824
170,0.766,36.087983872
171,1.007,36.30222976
172,0.766,36.504184832
173,0.766,36.719702784
174,1.007,36.937705984
175,0.766,37.149773824
176,0.766,37.353492992
177,1.007,37.559723776
178,0.766,37.766438912
179,0.766,37.975689984
180,0.766,38.190334976
181,0.766,38.40542592
182,0.766,38.611269888
183,0.766,38.841116928
184,0.337,39.058172928

Results for RHC: 
Correctly classified 3888.0 instances.
Incorrectly classified 0.0 instances.
Percent correctly classified: 100.000%
Training time: 8.929 seconds
Testing time: 0.011 seconds
Iterations: 1010

Results for SA: 
Correctly classified 3888.0 instances.
Incorrectly classified 0.0 instances.
Percent correctly classified: 100.000%
Training time: 14.175 seconds
Testing time: 0.012 seconds
Iterations: 1726

Results for GA: 
Correctly classified 3888.0 instances.
Incorrectly classified 0.0 instances.
Percent correctly classified: 100.000%
Training time: 39.058 seconds
Testing time: 0.012 seconds
Iterations: 184

