
Error results for RHC
---------------------------
0,671.356,0.096576
1,601.596,0.12749184
2,601.596,0.144325888
3,601.596,0.156951808
4,601.596,0.167932928
5,601.596,0.178381824
6,601.596,0.189659904
7,601.596,0.201028864
8,601.596,0.212434944
9,601.596,0.22162688
10,601.596,0.230971904
11,601.596,0.240491008
12,601.596,0.249688832
13,601.596,0.259074816
14,601.596,0.268220928
15,601.596,0.27759104
16,601.596,0.286932992
17,601.596,0.297723904
18,601.596,0.30718592
19,601.596,0.316475904
20,601.596,0.328225024
21,601.596,0.337999872
22,601.596,0.347376896
23,601.596,0.356653824
24,601.596,0.365756928
25,601.596,0.376253952
26,601.596,0.387426048
27,601.596,0.396829952
28,601.596,0.40623488
29,601.596,0.41565184
30,601.596,0.424850944
31,601.596,0.434140928
32,601.596,0.443362816
33,601.596,0.452654848
34,601.596,0.462276864
35,601.596,0.473133824
36,601.596,0.48255104
37,601.596,0.491949824
38,601.596,0.501117952
39,601.596,0.510343936
40,601.596,0.519719936
41,601.596,0.529677824
42,601.596,0.539357952
43,500.015,0.548737024
44,500.015,0.56050688
45,500.015,0.569659904
46,500.015,0.578875904
47,485.784,0.590182912
48,485.784,0.600358912
49,485.784,0.610397952
50,485.784,0.619910912
51,485.784,0.629078016
52,485.784,0.638452992
53,485.784,0.648019968
54,455.371,0.661122816
55,455.371,0.670604032
56,455.371,0.679859968
57,455.371,0.690341888
58,455.371,0.703397888
59,455.371,0.713575936
60,461.873,0.723277824
61,455.371,0.732448
62,455.371,0.741853952
63,455.371,0.751101952
64,455.371,0.760978944
65,455.371,0.770443008
66,455.371,0.779852032
67,428.002,0.789331968
68,428.002,0.798702848
69,428.002,0.808105984
70,428.002,0.81879296
71,428.002,0.828249856
72,428.002,0.837470976
73,428.002,0.846904832
74,428.002,0.856732928
75,428.002,0.865931008
76,428.002,0.87629184
77,428.002,0.885988864
78,428.002,0.89520896
79,428.002,0.904839936
80,428.002,0.914447872
81,428.002,0.923790848
82,428.002,0.933222912
83,428.002,0.942558976
84,428.002,0.95300096
85,428.002,0.962338816
86,428.002,0.971712
87,428.002,0.980924928
88,428.002,0.990300928
89,428.002,0.999365888
90,428.002,1.008829952
91,428.002,1.01816192
92,428.002,1.027408896
93,428.002,1.036844032
94,428.002,1.046402048
95,428.002,1.055787008
96,428.002,1.065074944
97,428.002,1.074313984
98,428.002,1.083522816
99,428.002,1.092709888
100,428.002,1.10200192
101,428.002,1.111170816
102,428.002,1.122758912
103,428.002,1.134014976
104,428.002,1.143323904
105,428.002,1.152676864
106,428.002,1.161843968
107,428.002,1.172973824
108,428.002,1.184242944
109,428.130,1.19366784
110,428.002,1.202932992
111,428.002,1.212216064
112,428.002,1.22227584
113,428.002,1.23138304
114,428.002,1.240813056
115,428.002,1.250038016
116,428.002,1.259323904
117,428.002,1.268523008
118,432.817,1.277996032
119,428.002,1.287579904
120,428.002,1.297028864
121,428.002,1.306882816
122,428.002,1.316233984
123,428.002,1.325628928
124,428.002,1.334939904
125,428.002,1.346932992
126,428.002,1.356587008
127,428.002,1.365710848
128,428.002,1.375228928
129,428.002,1.384578048
130,428.002,1.394365952
131,428.002,1.40389888
132,428.002,1.413089024
133,428.002,1.422382848
134,428.002,1.432606976
135,428.002,1.442132992
136,428.002,1.451554048
137,428.002,1.461031936
138,428.002,1.473037824
139,428.002,1.483108864
140,428.002,1.492344064
141,428.002,1.501560832
142,428.002,1.510806016
143,428.002,1.520155904
144,428.002,1.529400832
145,428.002,1.53922304
146,428.002,1.548676864
147,428.002,1.558894848
148,428.002,1.568484864
149,428.002,1.57808
150,428.002,1.58762496
151,428.002,1.596994048
152,428.002,1.606420992
153,428.002,1.615529984
154,428.002,1.62736384
155,428.002,1.637715968
156,428.002,1.647060992
157,428.002,1.656344832
158,428.002,1.665487872
159,428.002,1.675154944
160,428.002,1.685015808
161,428.002,1.694418944
162,428.002,1.703849984
163,428.002,1.713537024
164,428.002,1.723181056
165,428.002,1.736109056
166,428.002,1.746075904
167,428.002,1.756427008
168,428.002,1.766761984
169,428.002,1.776142848
170,428.002,1.785510912
171,428.002,1.795202816
172,428.002,1.804641024
173,448.659,1.814100992
174,428.002,1.823284992
175,428.002,1.832724992
176,428.002,1.841961984
177,428.002,1.851212032
178,428.002,1.860386816
179,428.398,1.870182912
180,428.002,1.879394048
181,428.002,1.888583936
182,428.002,1.897772032
183,428.002,1.90743296
184,413.315,1.916769024
185,413.315,1.926286848
186,413.315,1.936269824
187,413.315,1.948107008
188,413.315,1.957924864
189,413.315,1.967214848
190,400.914,1.976724992
191,400.914,1.986041856
192,400.914,1.995380992
193,400.914,2.00472192
194,400.914,2.014594816
195,400.914,2.02788992
196,400.914,2.038479872
197,400.914,2.04771584
198,400.914,2.057272832
199,400.914,2.066552064
200,400.914,2.076073984
201,400.914,2.08583296
202,400.914,2.095284992
203,400.914,2.104909824
204,400.914,2.114178048
205,400.914,2.124297984
206,400.914,2.13368704
207,400.914,2.143055872
208,400.914,2.152962816
209,400.914,2.16228992
210,400.914,2.172440832
211,400.914,2.181936896
212,400.914,2.191538944
213,400.914,2.200929024
214,400.914,2.210338816
215,400.914,2.219725824
216,400.914,2.230722048
217,400.914,2.240550912
218,400.914,2.250784
219,400.914,2.26274688
220,400.914,2.273989888
221,400.914,2.28428288
222,400.914,2.29429888
223,400.914,2.305446912
224,400.914,2.315517952
225,400.914,2.325030912
226,400.914,2.334268928
227,400.914,2.343672832
228,400.914,2.353068032
229,400.914,2.363000832
230,400.914,2.374016
231,400.914,2.384884992
232,400.914,2.394438912
233,400.914,2.405490944
234,400.914,2.415008
235,400.914,2.424510976
236,400.914,2.434381056
237,400.914,2.443905024
238,400.914,2.453515008
239,400.914,2.462708992
240,400.914,2.472237824
241,400.914,2.481620992
242,400.914,2.491030016
243,400.914,2.501037824
244,400.914,2.510643968
245,400.914,2.520092928
246,400.914,2.529421056
247,400.914,2.53872384
248,400.914,2.547955968
249,400.914,2.558182912
250,400.914,2.567343872
251,400.914,2.576760064
252,400.914,2.586137856
253,400.914,2.595420928
254,400.914,2.604956928
255,400.914,2.61483392
256,400.914,2.624252928
257,400.914,2.63368704
258,400.914,2.642969856
259,400.914,2.652427008
260,400.914,2.661744896
261,400.914,2.671353856
262,400.914,2.681227008
263,400.914,2.691004928
264,400.914,2.700271872
265,400.914,2.709837824
266,400.914,2.719244032
267,400.914,2.731554816
268,400.914,2.742466816
269,400.914,2.752004864
270,400.914,2.761316864
271,400.914,2.77130496
272,400.914,2.780638976
273,400.914,2.790198016
274,400.914,2.803457024
275,400.914,2.813455872
276,400.914,2.82273792
277,400.914,2.83202304
278,400.914,2.841519872
279,400.914,2.85065984
280,400.914,2.860475904
281,400.914,2.869843968
282,400.914,2.87912192
283,400.914,2.888537856
284,400.914,2.897657856
285,400.914,2.90706688
286,400.914,2.917282816
287,400.914,2.926707968
288,400.914,2.936188928
289,400.914,2.945590016
290,400.914,2.955042816
291,400.914,2.964461824
292,400.914,2.974759936
293,400.914,2.984204032
294,400.914,2.993625856
295,400.914,3.002863872
296,400.914,3.012126976
297,400.914,3.02153984
298,400.914,3.031268864
299,400.914,3.04197888
300,380.398,3.051444992
301,380.398,3.060763904
302,380.398,3.070269952
303,380.398,3.079636992
304,380.398,3.08935296
305,380.398,3.098710016
306,380.398,3.108166912
307,380.398,3.117550848
308,380.398,3.12693504
309,380.398,3.136098816
310,380.398,3.14589696
311,380.398,3.155248896
312,380.398,3.164247808
313,380.398,3.173586944
314,380.398,3.182633984
315,380.398,3.19257088
316,380.398,3.202633984
317,380.398,3.212512
318,380.398,3.221805056
319,380.398,3.230966016
320,380.398,3.240125952
321,380.398,3.249789952
322,380.398,3.260101888
323,380.398,3.269664
324,380.398,3.278924032
325,380.398,3.289575936
326,380.398,3.298715904
327,380.398,3.308660992
328,380.398,3.317981952
329,380.398,3.32715392
330,380.398,3.336126976
331,380.398,3.344197888
332,380.398,3.352510976
333,380.398,3.36020096
334,380.398,3.36799488
335,380.398,3.375879936
336,380.398,3.383586048
337,380.398,3.392147968
338,380.398,3.400092928
339,380.398,3.407894016
340,380.398,3.415556864
341,380.398,3.423353856
342,380.398,3.43092992
343,380.398,3.439342848
344,380.398,3.447128832
345,380.398,3.454939904
346,380.398,3.462811904
347,380.398,3.470501888
348,380.398,3.478700032
349,380.398,3.486779904
350,380.398,3.494491904
351,380.398,3.502272
352,380.398,3.51003392
353,380.398,3.518185984
354,380.398,3.526085888
355,380.398,3.53392
356,380.398,3.543067904
357,380.398,3.551379968
358,380.398,3.559581952
359,380.398,3.567321856
360,380.398,3.57544704
361,380.398,3.583170048
362,380.398,3.591328
363,380.398,3.599493888
364,380.398,3.608449024
365,380.398,3.618142976
366,380.398,3.626095872
367,393.844,3.633848832
368,380.398,3.64222592
369,380.398,3.649985024
370,380.398,3.657788928
371,380.398,3.665549824
372,380.398,3.673378048
373,380.398,3.681476864
374,380.398,3.689628928
375,380.398,3.697421056
376,380.398,3.706395904
377,380.398,3.714204928
378,369.304,3.722680064
379,369.304,3.730703872
380,369.304,3.739323904
381,369.304,3.747362816
382,369.304,3.755372032
383,369.304,3.763699968
384,369.304,3.77174784
385,370.958,3.78002688
386,369.304,3.78803584
387,369.304,3.795650816
388,369.304,3.804027904
389,369.304,3.811995904
390,369.304,3.819902976
391,297.768,3.828019968
392,297.768,3.83635584
393,297.768,3.84405504
394,297.768,3.851824896
395,297.768,3.859684864
396,297.768,3.86756096
397,297.768,3.876070912
398,297.768,3.884024832
399,297.768,3.892056832
400,297.768,3.900007936
401,297.768,3.908406016
402,297.768,3.916573952
403,297.768,3.924524032
404,455.535,3.932349952
405,297.768,3.940724992
406,297.768,3.948834048
407,297.768,3.957294848
408,297.768,3.964994048
409,297.768,3.972990976
410,297.768,3.981231872
411,297.768,3.989136896
412,297.768,3.997060864
413,297.768,4.00488192
414,297.768,4.013264896
415,297.768,4.021240064
416,297.768,4.029963008
417,297.768,4.038334976
418,297.768,4.046297856
419,297.768,4.054927872
420,297.768,4.062992896
421,297.768,4.070850048
422,297.768,4.078701056
423,297.768,4.087305984
424,297.768,4.095182848
425,297.768,4.102995968
426,297.768,4.110759936
427,297.768,4.11909888
428,297.768,4.12697088
429,297.768,4.134844928
430,297.768,4.142798848
431,297.768,4.15061888
432,297.768,4.158953984
433,297.768,4.166700032
434,297.768,4.174800896
435,297.768,4.182681856
436,297.768,4.19056384
437,297.768,4.198286848
438,297.768,4.20691584
439,297.768,4.214653952
440,297.768,4.222518016
441,297.768,4.230171904
442,412.691,4.237957888
443,297.768,4.246269952
444,297.768,4.254223872
445,297.768,4.26210688
446,297.768,4.270146048
447,297.768,4.277965056
448,297.768,4.286264832
449,297.768,4.294085888
450,297.768,4.302189056
451,297.768,4.31013888
452,297.768,4.31792384
453,297.768,4.326259968
454,297.768,4.334195968
455,297.768,4.341953024
456,297.768,4.34954496
457,297.768,4.357965056
458,297.768,4.365660928
459,279.113,4.374284032
460,279.113,4.384265984
461,287.224,4.392491008
462,279.113,4.400876032
463,279.113,4.409036032
464,279.113,4.416699904
465,279.113,4.424531968
466,279.113,4.43237888
467,279.113,4.440819968
468,279.113,4.448646912
469,279.113,4.456606976
470,279.113,4.464342016
471,279.113,4.472524032
472,279.113,4.480167936
473,279.113,4.488455936
474,279.113,4.49685888
475,279.113,4.505998848
476,279.113,4.514351872
477,279.113,4.522132992
478,279.113,4.530558976
479,279.113,4.538578944
480,279.113,4.546459904
481,279.113,4.554524928
482,279.113,4.563054848
483,279.113,4.571023872
484,279.113,4.579204864
485,279.113,4.587195904
486,279.113,4.595277056
487,268.716,4.603014912
488,268.716,4.610619904
489,268.716,4.618994944
490,268.716,4.626754048
491,268.716,4.634464
492,268.716,4.642347008
493,268.716,4.649985024
494,268.716,4.657943808
495,268.716,4.66619904
496,268.716,4.674043904
497,268.716,4.681879808
498,268.716,4.689744896
499,268.716,4.69745792
500,268.716,4.70986496
501,268.716,4.71793792
502,268.716,4.725843968
503,268.716,4.733719808
504,268.716,4.741604864
505,268.716,4.749821952
506,268.716,4.75792896
507,268.716,4.765747968
508,268.716,4.777011968
509,268.716,4.785549824
510,268.716,4.793779968
511,268.716,4.801442816
512,268.716,4.80932992
513,268.716,4.816989952
514,268.716,4.824710912
515,268.716,4.832365824
516,268.716,4.840713984
517,268.716,4.848293888
518,268.716,4.856164864
519,277.736,4.863736832
520,268.716,4.871460864
521,268.716,4.879767808
522,268.716,4.887513856
523,268.716,4.89514496
524,268.716,4.90336896
525,268.716,4.912299008
526,268.716,4.920827904
527,268.716,4.92853888
528,268.716,4.936358912
529,268.716,4.944973056
530,268.716,4.95373696
531,268.716,4.961533952
532,268.716,4.96923392
533,268.716,4.976982016
534,268.716,4.984719872
535,268.716,4.993069824
536,264.648,5.000866048
537,264.648,5.008742912
538,264.648,5.016303872
539,264.648,5.024238848
540,268.922,5.032306944
541,264.648,5.040322048
542,264.648,5.04811392
543,264.648,5.055915008
544,264.648,5.063640832
545,264.648,5.071739904
546,264.648,5.079920896
547,264.648,5.088054016
548,258.346,5.095745024
549,258.346,5.103506944
550,258.346,5.111501056
551,258.346,5.119332864
552,258.346,5.128184832
553,258.346,5.135913984
554,258.346,5.14358784
555,258.346,5.15119104
556,258.346,5.15895296
557,258.346,5.167126016
558,258.346,5.175254016
559,258.346,5.182776064
560,258.346,5.190489856
561,258.346,5.198198016
562,258.346,5.206861056
563,258.346,5.215987968
564,258.346,5.224221952
565,258.346,5.235553024
566,258.346,5.243900928
567,250.598,5.251643904
568,250.598,5.25993088
569,250.598,5.267718912
570,250.598,5.275558912
571,250.598,5.283245056
572,270.280,5.292139008
573,250.598,5.299805952
574,250.598,5.308348928
575,250.598,5.31635584
576,250.598,5.324278016
577,250.598,5.332115968
578,250.598,5.340219904
579,250.598,5.34864384
580,250.598,5.356571904
581,250.598,5.364222976
582,302.461,5.372141056
583,250.598,5.37983488
584,250.598,5.388275968
585,250.598,5.396225024
586,250.598,5.403998976
587,250.598,5.411789056
588,250.598,5.419795968
589,250.598,5.428088064
590,250.598,5.436152832
591,250.598,5.444009984
592,246.778,5.45177984
593,246.778,5.459710976
594,246.778,5.468400896
595,246.778,5.476313856
596,246.778,5.484201984
597,246.778,5.491942912
598,246.778,5.49974784
599,246.778,5.507682048
600,246.778,5.515934976
601,246.778,5.524952832
602,246.778,5.532864
603,246.778,5.540937984
604,246.778,5.548726016
605,246.778,5.557118976
606,246.778,5.564937984
607,246.778,5.573564928
608,246.778,5.58154496
609,246.778,5.589885952
610,246.778,5.597496064
611,246.778,5.605430016
612,246.778,5.613121024
613,246.778,5.621666816
614,246.778,5.629972992
615,246.778,5.637794816
616,246.778,5.64573184
617,246.778,5.65355392
618,246.778,5.661218816
619,246.778,5.669688064
620,350.922,5.67739904
621,246.778,5.685227008
622,246.778,5.69300992
623,246.778,5.70060288
624,246.778,5.709195008
625,246.778,5.716929024
626,246.778,5.724798976
627,246.778,5.732615936
628,246.778,5.740948992
629,246.778,5.74873088
630,246.778,5.756717056
631,246.778,5.764531968
632,246.778,5.772519936
633,246.778,5.780819968
634,246.778,5.788647936
635,246.778,5.79647488
636,246.778,5.80421888
637,246.778,5.81184896
638,246.778,5.820246016
639,246.778,5.827936
640,246.778,5.835620864
641,246.778,5.844301824
642,246.778,5.852120832
643,243.654,5.860100864
644,243.654,5.867924992
645,243.654,5.876180992
646,243.654,5.884034048
647,243.654,5.891876864
648,243.654,5.899535872
649,243.654,5.907796992
650,243.654,5.915424
651,243.654,5.923298048
652,243.654,5.931774976
653,243.654,5.939760896
654,243.654,5.947763968
655,243.654,5.955604992
656,243.654,5.963268864
657,243.654,5.971298816
658,235.133,5.979508992
659,235.133,5.987469056
660,235.133,5.995215872
661,235.133,6.003009024
662,235.133,6.010820864
663,235.133,6.019192064
664,238.848,6.027876864
665,235.133,6.035648
666,235.133,6.043376896
667,235.133,6.051204864
668,235.133,6.059106816
669,235.133,6.06674304
670,235.133,6.074774016
671,235.133,6.083054848
672,235.133,6.09097088
673,234.472,6.098886912
674,234.472,6.106713856
675,234.472,6.114372864
676,234.472,6.122210048
677,234.472,6.130347008
678,234.472,6.138221824
679,234.472,6.145939968
680,234.472,6.153671936
681,234.472,6.161442048
682,234.472,6.169880832
683,243.530,6.18045696
684,234.472,6.188359936
685,234.472,6.196150016
686,234.472,6.204123904
687,234.472,6.211827968
688,234.472,6.219649024
689,234.472,6.228167936
690,234.472,6.236809984
691,234.472,6.244910848
692,234.472,6.252699904
693,234.472,6.260512
694,274.176,6.268318976
695,234.472,6.276622848
696,234.472,6.284413952
697,234.472,6.292206848
698,234.472,6.299781888
699,234.472,6.307798016
700,234.472,6.315465984
701,234.472,6.323859968
702,234.472,6.33161088
703,234.472,6.339791872
704,234.472,6.347527936
705,234.472,6.357001984
706,234.472,6.366462976
707,235.264,6.374891008
708,234.472,6.382757888
709,234.472,6.39068288
710,234.472,6.398492928
711,234.472,6.406477824
712,234.472,6.414131968
713,234.472,6.423023872
714,234.472,6.430818048
715,234.472,6.441356032
716,234.472,6.450043904
717,234.472,6.458104832
718,234.472,6.465712896
719,234.472,6.474050048
720,234.472,6.48194304
721,234.472,6.489716992
722,234.472,6.497592832
723,234.472,6.505427968
724,234.472,6.513565952
725,234.472,6.521446912
726,234.472,6.529117952
727,234.472,6.536846848
728,234.472,6.544672
729,234.472,6.552374016
730,234.472,6.560578048
731,234.472,6.568609024
732,234.472,6.576412928
733,234.472,6.584129024
734,234.472,6.595769856
735,234.472,6.60417792
736,234.472,6.612668928
737,234.472,6.62064896
738,234.472,6.62850688
739,234.472,6.636372992
740,234.472,6.64453888
741,234.472,6.652918016
742,234.472,6.660830976
743,238.704,6.668539904
744,234.472,6.676326912
745,234.472,6.684007936
746,234.472,6.692374016
747,234.472,6.701058048
748,234.472,6.708993024
749,234.472,6.716673024
750,234.472,6.726733056
751,234.472,6.735682816
752,234.472,6.744130048
753,234.472,6.751900928
754,234.472,6.759673856
755,234.472,6.767385856
756,234.472,6.77530496
757,234.472,6.783705856
758,234.472,6.791471872
759,234.472,6.799245056
760,234.472,6.807094016
761,234.472,6.814639872
762,229.957,6.824461824
763,229.957,6.83278592
764,229.957,6.842370816
765,229.957,6.85112192
766,229.957,6.859024896
767,229.957,6.867276032
768,229.957,6.875120896
769,229.957,6.883113984
770,229.957,6.890850816
771,229.957,6.898498816
772,229.957,6.906860032
773,229.957,6.915872
774,229.957,6.924101888
775,229.957,6.931798016
776,229.957,6.939758848
777,229.957,6.948009984
778,229.957,6.955819008
779,229.957,6.963698944
780,229.957,6.971596032
781,228.077,6.979481856
782,228.077,6.98808704
783,228.077,6.995881984
784,228.077,7.003873024
785,228.077,7.011728896
786,228.077,7.019495936
787,228.077,7.027894016
788,228.077,7.035716864
789,228.077,7.043735808
790,228.077,7.051928832
791,228.077,7.059725056
792,228.077,7.068012032
793,228.077,7.076036864
794,228.077,7.083702016
795,228.077,7.09162496
796,228.077,7.099264
797,228.077,7.107902976
798,228.077,7.115618048
799,228.077,7.12352896
800,228.077,7.13140992
801,228.077,7.141153024
802,228.077,7.150041856
803,228.077,7.157836032
804,228.077,7.165474816
805,228.077,7.173376
806,228.077,7.18095488
807,228.077,7.189389824
808,228.077,7.197104896
809,228.077,7.204928
810,228.077,7.212822016
811,228.077,7.22061184
812,228.077,7.228903936
813,228.077,7.238342912
814,228.077,7.246537984
815,228.077,7.255955968
816,228.077,7.265687808
817,228.077,7.273772032
818,228.077,7.282512896
819,228.077,7.290724864
820,228.077,7.298407936
821,228.077,7.306432
822,228.077,7.314093056
823,228.077,7.322616064
824,238.166,7.330360064
825,228.077,7.33819392
826,226.994,7.346011904
827,204.918,7.35396096
828,204.918,7.361691904
829,204.999,7.370265856
830,204.918,7.37793792
831,204.918,7.385656064
832,204.918,7.393543936
833,204.918,7.40126592
834,204.918,7.410489856
835,204.918,7.41828992
836,204.918,7.426156032
837,204.918,7.434057984
838,204.918,7.441889024
839,204.918,7.450246912
840,204.918,7.458316032
841,204.918,7.466029056
842,204.918,7.473996032
843,204.918,7.481641984
844,204.918,7.49004288
845,204.918,7.497860864
846,204.918,7.505701888
847,204.918,7.5136
848,204.918,7.521459968
849,204.918,7.529702912
850,204.918,7.537757952
851,204.918,7.545606912
852,183.347,7.55346304
853,183.347,7.56140288
854,183.347,7.569671936
855,183.347,7.577464832
856,183.347,7.58848
857,183.347,7.59656704
858,183.347,7.604308992
859,183.347,7.612577024
860,183.347,7.62041984
861,183.347,7.628207872
862,183.347,7.636155904
863,183.347,7.643927808
864,183.347,7.652254976
865,183.347,7.660308992
866,183.347,7.667996928
867,183.347,7.677428992
868,183.347,7.685944832
869,183.347,7.694434816
870,183.347,7.702259968
871,183.347,7.70992896
872,183.347,7.717824
873,183.347,7.725570816
874,183.347,7.733664
875,183.347,7.742177024
876,183.347,7.749729024
877,183.347,7.75750784
878,183.347,7.765560832
879,183.347,7.774752
880,183.347,7.782919936
881,183.347,7.790688
882,183.347,7.798409984
883,183.347,7.807014912
884,183.347,7.814690048
885,183.347,7.823463936
886,183.347,7.831097856
887,183.347,7.839760896
888,183.347,7.847390976
889,183.347,7.855179008
890,183.347,7.862926848
891,183.347,7.870635008
892,183.347,7.878633984
893,183.347,7.886594048
894,183.347,7.894754816
895,183.347,7.902688
896,183.347,7.91128192
897,183.347,7.919118848
898,183.347,7.926941952
899,183.347,7.934598912
900,183.347,7.943001856
901,183.347,7.950781952
902,183.347,7.95851392
903,183.347,7.966127872
904,183.347,7.974387968
905,183.347,7.981996032
906,183.347,7.990390016
907,183.347,7.99864192
908,183.347,8.006460928
909,183.347,8.014291968
910,183.347,8.022262016
911,183.347,8.030356992
912,183.347,8.038690048
913,183.347,8.046221824
914,183.347,8.054035968
915,183.347,8.06184704
916,183.347,8.069612032
917,183.347,8.077607936
918,183.347,8.08590592
919,183.347,8.093509888
920,183.347,8.10123392
921,183.347,8.111405056
922,183.347,8.119405056
923,183.347,8.127106048
924,183.347,8.135325952
925,183.347,8.14317696
926,183.347,8.150764032
927,183.347,8.158733056
928,183.347,8.16633984
929,183.347,8.175021056
930,183.347,8.183454976
931,183.347,8.191282944
932,183.347,8.199700992
933,183.347,8.208386048
934,183.347,8.216228864
935,183.347,8.224075008
936,183.347,8.23230592
937,183.347,8.240989952
938,183.347,8.248747008
939,183.347,8.256669952
940,183.347,8.264527872
941,183.347,8.272688896
942,183.347,8.281257984
943,183.347,8.289099008
944,183.347,8.296752896
945,183.347,8.304811008
946,183.347,8.31240192
947,183.347,8.320039936
948,183.347,8.32838784
949,183.347,8.336189952
950,183.347,8.344034048
951,183.347,8.35175296
952,183.347,8.359426048
953,183.347,8.367128832
954,183.347,8.375630848
955,183.347,8.383439872
956,183.347,8.391405056
957,183.347,8.398974976
958,183.347,8.406800896
959,183.347,8.415060992
960,183.347,8.422859008
961,183.347,8.430579968
962,183.347,8.438402048
963,183.347,8.44612992
964,183.347,8.453998848
965,183.347,8.462317056
966,183.347,8.470126848
967,183.347,8.477929984
968,183.347,8.485990912
969,183.347,8.49354496
970,183.347,8.501752832
971,183.347,8.509669888
972,183.347,8.517250048
973,90.740,8.525204992
974,85.423,8.532829952
975,85.423,8.540740864
976,85.423,8.549207808
977,85.423,8.557129984
978,85.423,8.565132032
979,85.423,8.575291904
980,85.423,8.584796928
981,85.423,8.593298944
982,85.423,8.601568
983,85.423,8.610144
984,85.423,8.61811584
985,85.423,8.626509056
986,85.423,8.634445824
987,85.423,8.64307584
988,85.423,8.650748928
989,68.163,8.65883904
990,68.163,8.666564864
991,68.163,8.674561024
992,68.163,8.682850048
993,68.163,8.69079296
994,68.163,8.698733056
995,68.163,8.70664704
996,68.163,8.714413824
997,68.163,8.722895872
998,68.163,8.731320064
999,68.163,8.739613952
1000,68.163,8.747448064
1001,68.163,8.755298048
1002,68.163,8.763696896
1003,68.163,8.771603968
1004,68.163,8.78169984
1005,68.163,8.789828864
1006,68.163,8.797670912
1007,68.163,8.806311936
1008,68.163,8.814619904
1009,68.163,8.822703872
1010,68.163,8.830451968
1011,68.163,8.838630912
1012,68.163,8.846944
1013,68.163,8.854899968
1014,68.163,8.862678016
1015,68.163,8.87039488
1016,68.163,8.87817088
1017,68.163,8.886356992
1018,68.163,8.89486592
1019,68.163,8.902574848
1020,68.163,8.910625024
1021,68.163,8.918621952
1022,68.163,8.92692992
1023,68.163,8.934708992
1024,68.163,8.94274688
1025,68.163,8.95041792
1026,67.017,8.95821184
1027,67.017,8.966637824
1028,67.017,8.97476096
1029,67.017,8.982590976
1030,67.017,8.990370816
1031,67.017,8.998807808
1032,67.017,9.006862848
1033,67.017,9.014482944
1034,67.017,9.022254848
1035,67.017,9.030084864
1036,67.017,9.038352896
1037,67.017,9.048664832
1038,67.017,9.058117888
1039,67.017,9.066185984
1040,67.017,9.076790016
1041,67.017,9.085696
1042,107.320,9.09372288
1043,67.017,9.101421824
1044,67.017,9.10928896
1045,66.710,9.117805824
1046,66.710,9.125592832
1047,66.710,9.133319936
1048,66.710,9.143115008
1049,66.710,9.15133184
1050,66.710,9.15914496
1051,66.710,9.167286016
1052,66.710,9.175227904
1053,66.710,9.18281984
1054,66.710,9.19061888
1055,66.710,9.19843584
1056,66.710,9.206765056
1057,66.710,9.21460096
1058,66.710,9.222452992
1059,66.710,9.230264064
1060,66.710,9.238299904
1061,66.710,9.246049024
1062,66.710,9.255640832
1063,66.710,9.263489024
1064,66.710,9.271315968
1065,66.710,9.281857024
1066,66.710,9.290009856
1067,66.710,9.297822976
1068,66.710,9.307059968
1069,131.658,9.316129024
1070,66.710,9.324013824
1071,66.710,9.331931904
1072,66.710,9.339852032
1073,66.710,9.34751488
1074,66.710,9.355483904
1075,66.710,9.364157952
1076,66.710,9.372242944
1077,66.710,9.380788992
1078,66.710,9.388781824
1079,66.710,9.396527872
1080,66.710,9.40710784
1081,66.710,9.416496896
1082,66.710,9.424658944
1083,66.710,9.43275392
1084,66.710,9.441552896
1085,66.710,9.449328896
1086,66.710,9.457225984
1087,66.710,9.465085952
1088,66.710,9.473897984
1089,66.710,9.481741824
1090,66.710,9.489659904
1091,66.710,9.497423872
1092,66.710,9.505854976
1093,66.710,9.51632384
1094,66.710,9.524851968
1095,92.056,9.532559872
1096,66.710,9.540536832
1097,66.710,9.548197888
1098,66.710,9.556416
1099,66.710,9.564368896
1100,66.710,9.572747008
1101,66.710,9.580596992
1102,66.710,9.588747008
1103,66.710,9.596567808
1104,66.710,9.604507904
1105,66.710,9.61389184
1106,66.710,9.622797056
1107,66.710,9.631006976
1108,66.710,9.639982848
1109,66.710,9.647628032
1110,66.710,9.655713024
1111,66.710,9.663780864
1112,65.420,9.67221888
1113,65.420,9.68128384
1114,65.420,9.689212928
1115,66.315,9.697714944
1116,65.420,9.705550848
1117,65.420,9.714221056
1118,65.420,9.722125824
1119,65.420,9.729837824
1120,65.420,9.738087936
1121,65.420,9.747289856
1122,65.420,9.755293952
1123,65.420,9.763398912
1124,65.420,9.771196928
1125,65.420,9.779020032
1126,65.420,9.786690816
1127,65.420,9.795154944
1128,65.420,9.803276032
1129,65.420,9.813801984
1130,65.420,9.821655808
1131,65.420,9.829344
1132,65.420,9.837324032
1133,65.420,9.846774016
1134,65.420,9.855689984
1135,65.420,9.86365184
1136,65.420,9.871558912
1137,52.781,9.879244032
1138,52.781,9.887068928
1139,67.043,9.894957824
1140,52.781,9.903288832
1141,52.781,9.911047936
1142,52.781,9.918734848
1143,52.781,9.92644992
1144,52.781,9.93405184
1145,52.781,9.94253696
1146,49.602,9.951554048
1147,49.602,9.959590912
1148,49.602,9.967234816
1149,49.602,9.975140864
1150,49.602,9.982844928
1151,49.602,9.991155968
1152,49.602,9.999030016
1153,49.602,10.00691584
1154,62.207,10.015422976
1155,49.602,10.023493888
1156,49.602,10.031787008
1157,49.602,10.03984
1158,49.602,10.047648
1159,49.602,10.055548928
1160,49.602,10.064193024
1161,49.602,10.072726016
1162,49.602,10.08094592
1163,49.602,10.089004032
1164,49.602,10.096791808
1165,49.602,10.10635904
1166,49.602,10.11608704
1167,49.602,10.124642816
1168,49.602,10.132573952
1169,49.602,10.140519936
1170,49.602,10.14827392
1171,49.602,10.156301056
1172,49.602,10.164578048
1173,49.602,10.172704
1174,49.602,10.180507904
1175,49.602,10.188333824
1176,49.602,10.196156928
1177,49.602,10.204476928
1178,49.602,10.212211968
1179,49.602,10.220194816
1180,49.602,10.227864832
1181,49.602,10.235627008
1182,50.661,10.244761856
1183,49.602,10.252747008
1184,49.602,10.26072704
1185,49.602,10.268487936
1186,49.602,10.276670976
1187,49.602,10.285153024
1188,49.602,10.295830016
1189,49.602,10.30447488
1190,49.602,10.312425984
1191,49.602,10.320333056
1192,49.602,10.328777984
1193,49.602,10.336687872
1194,51.520,10.344494848
1195,49.602,10.35289088
1196,49.602,10.361185024
1197,44.223,10.370573824
1198,44.223,10.37875584
1199,44.223,10.386543872
1200,44.223,10.394494976
1201,43.038,10.402936064
1202,43.038,10.410839808
1203,43.038,10.418520832
1204,43.038,10.426369024
1205,43.038,10.434201856
1206,43.038,10.442806016
1207,43.038,10.450578944
1208,42.811,10.458424064
1209,42.811,10.466035968
1210,42.811,10.474593024
1211,42.811,10.482343936
1212,42.811,10.491521024
1213,42.811,10.500115968
1214,42.811,10.508783872
1215,42.811,10.517145856
1216,42.811,10.52512384
1217,42.811,10.53314688
1218,42.811,10.541048064
1219,42.811,10.549348864
1220,42.811,10.55741184
1221,42.811,10.565024
1222,42.811,10.572918016
1223,42.811,10.580756992
1224,42.811,10.589217024
1225,42.811,10.59702784
1226,42.811,10.604748032
1227,42.811,10.612444928
1228,42.811,10.620969984
1229,42.811,10.628760832
1230,29.063,10.636684032
1231,29.063,10.647138816
1232,29.063,10.65568896
1233,29.063,10.663847936
1234,29.063,10.672819968
1235,29.063,10.680536832
1236,29.063,10.688578048
1237,29.063,10.696972032
1238,29.063,10.705314048
1239,29.063,10.713165824
1240,29.063,10.720944896
1241,29.063,10.728638976
1242,29.063,10.736461056
1243,29.063,10.7448
1244,29.063,10.752734976
1245,29.063,10.760598016
1246,29.063,10.76824192
1247,29.063,10.776151808
1248,29.063,10.78436992
1249,29.063,10.792413952
1250,24.819,10.800205824
1251,24.819,10.808087808
1252,24.819,10.815693056
1253,24.819,10.824157952
1254,24.819,10.831864832
1255,24.819,10.840110848
1256,24.819,10.847778816
1257,24.819,10.855486976
1258,24.819,10.866320896
1259,24.819,10.874455808
1260,24.819,10.88230784
1261,24.819,10.89018496
1262,24.819,10.89968384
1263,24.819,10.908467968
1264,24.819,10.916338944
1265,24.819,10.924367872
1266,24.819,10.932065024
1267,24.819,10.940660992
1268,24.819,10.948377856
1269,24.819,10.956345856
1270,24.819,10.964751872
1271,24.819,10.972809984
1272,24.819,10.981619968
1273,24.819,10.989719808
1274,24.819,10.997711872
1275,24.819,11.00568192
1276,24.819,11.01377792
1277,24.819,11.02243584
1278,24.819,11.030406912
1279,22.635,11.038415872
1280,22.635,11.046091008
1281,22.635,11.054497024
1282,22.635,11.06236288
1283,22.635,11.070544896
1284,22.635,11.07847296
1285,22.635,11.086859008
1286,20.974,11.094631936
1287,20.974,11.102571008
1288,20.974,11.110456064
1289,20.974,11.11835392
1290,20.974,11.126235904
1291,20.974,11.134349824
1292,20.974,11.142816
1293,20.974,11.150412032
1294,20.974,11.158121984
1295,20.974,11.169735936
1296,20.974,11.178448896
1297,20.974,11.186455808
1298,20.974,11.194318848
1299,20.974,11.20215296
1300,20.974,11.209940992
1301,20.974,11.218656
1302,20.974,11.226544896
1303,20.974,11.234310912
1304,20.974,11.242317824
1305,43.413,11.250196992
1306,20.974,11.25867904
1307,17.587,11.266413056
1308,17.587,11.274436864
1309,17.587,11.282380032
1310,17.587,11.29029504
1311,17.587,11.298616064
1312,17.587,11.306772992
1313,17.587,11.31484288
1314,17.587,11.322934016
1315,17.587,11.330639872
1316,7.213,11.339118848
1317,7.213,11.346930944
1318,4.590,11.354669056
1319,4.590,11.36244992
1320,4.590,11.370319872
1321,4.590,11.378845952
1322,4.590,11.38671488
1323,4.590,11.394526976
1324,4.590,11.402226944
1325,4.590,11.410927872
1326,4.590,11.419206912
1327,4.590,11.427117824
1328,4.590,11.43482496
1329,4.590,11.442813952
1330,4.590,11.450823936
1331,4.590,11.459102976
1332,4.590,11.470520064
1333,4.590,11.478882048
1334,4.590,11.486693888
1335,4.590,11.494398976
1336,4.590,11.502765824
1337,4.590,11.510637824
1338,4.590,11.51844992
1339,4.590,11.527232
1340,4.590,11.535474944
1341,4.590,11.54350592
1342,4.590,11.55199488
1343,4.590,11.56083584
1344,4.590,11.569612032
1345,8.225,11.579202816
1346,4.590,11.588365824
1347,4.590,11.597500928
1348,4.590,11.605355008
1349,4.590,11.615917056
1350,4.590,11.623963904
1351,4.590,11.631955968
1352,4.590,11.640101888
1353,3.969,11.647969024
1354,3.969,11.656436992
1355,3.969,11.664470016
1356,3.969,11.672482816
1357,3.969,11.680144896
1358,3.969,11.68862592
1359,3.969,11.697093888
1360,3.969,11.706031872
1361,3.969,11.71377792
1362,3.969,11.721601024
1363,3.969,11.730045952
1364,3.969,11.73789696
1365,3.969,11.745735936
1366,3.969,11.753821952
1367,3.969,11.761538048
1368,3.969,11.769570048
1369,3.969,11.778439936
1370,3.969,11.786455808
1371,3.969,11.794372864
1372,3.969,11.802098944
1373,3.969,11.81011584
1374,3.969,11.818351872
1375,3.969,11.826329856
1376,3.969,11.83424
1377,3.969,11.842141952
1378,3.969,11.849773824
1379,3.969,11.858136832
1380,3.969,11.86573184
1381,3.969,11.873555968
1382,3.969,11.881238016
1383,3.969,11.889689856
1384,3.969,11.898018816
1385,3.969,11.905819904
1386,3.969,11.913556992
1387,3.969,11.921488896
1388,3.969,11.929150976
1389,3.969,11.937698816
1390,3.969,11.945517056
1391,3.969,11.953253888
1392,3.969,11.961117952
1393,3.969,11.968898048
1394,3.969,11.977145856
1395,3.969,11.985062912
1396,3.969,11.99344896
1397,3.969,12.001241856
1398,3.969,12.00973696
1399,3.969,12.017547008
1400,2.507,12.027696896
1401,2.507,12.036142848
1402,2.507,12.044018944
1403,2.507,12.052333056
1404,2.507,12.060190976
1405,2.507,12.06776704
1406,2.507,12.075718912
1407,2.507,12.083713024
1408,2.507,12.092254976
1409,2.507,12.10009088
1410,2.507,12.107958016
1411,2.507,12.115534848
1412,2.507,12.123426816
1413,2.507,12.131589888
1414,2.507,12.139461888
1415,2.507,12.147350016
1416,3.961,12.155111936
1417,2.507,12.162860032
1418,2.507,12.171756032
1419,2.507,12.180018944
1420,2.507,12.18985088
1421,2.507,12.198189824
1422,2.507,12.206200064
1423,2.507,12.213984
1424,2.507,12.222526976
1425,2.507,12.230310912
1426,2.507,12.238201856
1427,2.507,12.246082048
1428,2.507,12.25396992
1429,2.507,12.261702912
1430,2.507,12.270701824
1431,2.507,12.279148032
1432,2.507,12.286935808
1433,2.507,12.294596864
1434,2.507,12.30248192
1435,2.507,12.310808832
1436,2.507,12.318524928
1437,2.507,12.326816
1438,2.507,12.334494976
1439,2.507,12.342304
1440,2.507,12.350582016
1441,2.507,12.358401024
1442,2.507,12.36610304
1443,2.507,12.374167808
1444,2.507,12.381854976
1445,2.507,12.389728
1446,2.507,12.398953984
1447,2.507,12.407808
1448,2.507,12.415602944
1449,2.507,12.423511808
1450,2.507,12.43147392
1451,2.507,12.439886848
1452,2.507,12.447717888
1453,2.507,12.455634944
1454,2.507,12.463344896
1455,2.507,12.47136384
1456,2.507,12.479736832
1457,2.507,12.487726848
1458,3.035,12.495707904
1459,2.507,12.503910912
1460,2.507,12.511895808
1461,3.222,12.520359936
1462,2.507,12.53055488
1463,2.507,12.538992896
1464,3.176,12.546788864
1465,2.507,12.554594816
1466,2.507,12.56283904
1467,2.507,12.570718976
1468,2.507,12.578814976
1469,2.507,12.586663936
1470,2.507,12.594991872
1471,2.507,12.602982912
1472,2.507,12.61077888
1473,2.507,12.61853184
1474,2.507,12.62616704
1475,2.507,12.634436864
1476,2.507,12.642256896
1477,2.507,12.650072832
1478,2.507,12.658034944
1479,2.507,12.665654016
1480,2.507,12.674035968
1481,2.507,12.681839872
1482,2.507,12.689602816
1483,2.507,12.697660928
1484,2.507,12.705492992
1485,2.507,12.713765888
1486,2.507,12.721730048
1487,2.507,12.72939904
1488,2.507,12.73720192
1489,2.507,12.745518848
1490,2.507,12.753334016
1491,2.507,12.761121024
1492,2.507,12.768805888
1493,2.507,12.776574976
1494,2.507,12.78476288
1495,2.507,12.792676864
1496,2.507,12.801725952
1497,2.507,12.810786048
1498,2.507,12.819293952
1499,2.507,12.827068928
1500,2.507,12.834722816
1501,2.507,12.842700032
1502,2.507,12.850404864
1503,2.328,12.858624
1504,2.328,12.866437888
1505,2.328,12.874448896
1506,2.328,12.882191872
1507,2.328,12.890067968
1508,2.328,12.897639936
1509,2.328,12.906149888
1510,2.328,12.91394304
1511,2.328,12.92183296
1512,1.652,12.929648896
1513,1.652,12.93755904
1514,1.652,12.945857024
1515,1.652,12.953820928
1516,1.652,12.961629952
1517,1.652,12.969409024
1518,1.652,12.977353984
1519,1.652,12.985654016
1520,1.652,12.993630976
1521,1.652,13.001572864
1522,1.652,13.00936704
1523,1.652,13.017231872
1524,1.652,13.025565952
1525,1.652,13.033292032
1526,1.652,13.041209856
1527,1.652,13.048856832
1528,1.652,13.056606976
1529,1.652,13.06514688
1530,1.652,13.073260032
1531,1.652,13.081135872
1532,1.652,13.089104896
1533,1.652,13.096770048
1534,1.652,13.105289984
1535,1.652,13.113259008
1536,1.652,13.121221888
1537,1.652,13.129071872
1538,1.652,13.136889856
1539,1.652,13.145293056
1540,1.652,13.153180928
1541,1.652,13.160932864
1542,1.253,13.168812032
1543,1.253,13.176717824
1544,1.253,13.185111808
1545,1.253,13.195522816
1546,1.253,13.203855872
1547,1.253,13.211702016
1548,1.253,13.220118016
1549,1.253,13.227995904
1550,1.253,13.23592704
1551,1.253,13.243874816
1552,1.253,13.251588864
1553,1.253,13.26
1554,1.253,13.268007936
1555,1.253,13.275905024
1556,1.253,13.283641856
1557,1.253,13.292185856
1558,1.253,13.29987584
1559,1.253,13.307922944
1560,1.253,13.315611904
1561,1.253,13.323452928
1562,1.253,13.33189504
1563,1.253,13.339836928
1564,1.253,13.347618048
1565,1.253,13.356219904
1566,1.253,13.366445824
1567,1.253,13.374407936
1568,1.253,13.382046976
1569,1.253,13.389961984
1570,1.253,13.39761792
1571,1.253,13.407192832
1572,1.253,13.416847872
1573,1.253,13.424791808
1574,1.253,13.432603904
1575,1.253,13.442309888
1576,1.253,13.45042688
1577,1.253,13.458477824
1578,1.253,13.466221824
1579,1.253,13.47417088
1580,1.253,13.482576896
1581,1.253,13.490413056
1582,1.253,13.498189056
1583,1.253,13.506189824
1584,1.253,13.513953024
1585,1.253,13.522582016
1586,1.253,13.53032704
1587,1.253,13.538206976
1588,1.253,13.546094848
1589,1.077,13.553881856
1590,1.077,13.562189824
1591,1.077,13.570100992
1592,1.077,13.577879808
1593,1.077,13.585702912
1594,0.772,13.59364096
1595,0.772,13.601970944
1596,0.772,13.610012928
1597,0.772,13.61771392
1598,0.772,13.627759872
1599,0.772,13.63664896
1600,0.772,13.645068032
1601,0.772,13.652914944
1602,0.772,13.663856896
1603,0.772,13.672354816
1604,0.772,13.680175872
1605,0.772,13.688531968
1606,0.772,13.696502016
1607,0.772,13.705287936
1608,0.772,13.713110016
1609,0.772,13.721044992
1610,0.772,13.729381888
1611,0.772,13.73732992
1612,0.772,13.745328896
1613,0.772,13.753229824
1614,0.772,13.761152
1615,0.772,13.769867008
1616,0.772,13.777981952
1617,0.772,13.786422016
1618,0.772,13.796251904
1619,0.772,13.805154048
1620,0.772,13.813214976
1621,0.772,13.821161984
1622,0.772,13.828902912
1623,0.772,13.836784896
1624,0.772,13.845669888
1625,0.772,13.853572864
1626,0.772,13.86146304
1627,0.772,13.86925696
1628,0.772,13.877669888
1629,0.772,13.885517824
1630,0.772,13.893473024
1631,0.772,13.901360896
1632,0.772,13.909437952
1633,0.772,13.917996032
1634,0.772,13.92594304
1635,0.772,13.933854976
1636,0.772,13.941711872
1637,0.772,13.949876992
1638,0.772,13.958017024
1639,0.605,13.965758976
1640,0.582,13.973627904
1641,0.582,13.981863936
1642,1.487,13.98979584
1643,0.582,13.997666048
1644,0.582,14.005593856
1645,0.582,14.013392896
1646,0.582,14.021921024
1647,0.582,14.029670912
1648,0.582,14.037676032
1649,0.582,14.045664
1650,0.582,14.053863936
1651,0.582,14.061679872
1652,0.582,14.069588992
1653,0.582,14.079374848
1654,0.582,14.087372032
1655,0.582,14.095576832
1656,0.582,14.103506944
1657,0.582,14.111373824
1658,0.582,14.119225856
1659,0.582,14.127085824
1660,0.582,14.135425024
1661,0.582,14.14352896
1662,0.582,14.151204864
1663,0.582,14.159012864
1664,0.582,14.166777856
1665,0.582,14.17515392
1666,0.582,14.18285184
1667,0.582,14.190796032
1668,0.582,14.19848192
1669,0.582,14.206370048
1670,1.020,14.214651904
1671,0.582,14.223620864
1672,0.582,14.232979968
1673,0.582,14.240896
1674,0.582,14.24873088
1675,0.582,14.257003008
1676,0.582,14.264824064
1677,0.582,14.273452032
1678,0.582,14.283213056
1679,0.582,14.291095808
1680,0.582,14.299453952
1681,0.582,14.308464896
1682,0.582,14.316238848
1683,0.582,14.324126976
1684,0.582,14.331704064
1685,0.582,14.34037504
1686,0.582,14.348143872
1687,0.582,14.356144896
1688,0.582,14.364083968
1689,0.582,14.372589824
1690,0.582,14.380642816
1691,0.582,14.388766976
1692,0.582,14.39656704
1693,0.582,14.404745984
1694,0.582,14.413244928
1695,0.582,14.422764032
1696,0.461,14.430754048

Error results for SA
---------------------------
0,529.551,0.008857088
1,529.551,0.017082112
2,529.551,0.025314048
3,529.551,0.033981184
4,529.551,0.043449088
5,529.551,0.052530176
6,529.551,0.061611008
7,529.551,0.070557184
8,529.551,0.07898496
9,570.302,0.08799104
10,570.302,0.09584512
11,570.302,0.103677184
12,570.302,0.111552
13,621.397,0.120192
14,621.397,0.12815104
15,621.397,0.136157184
16,621.397,0.143995136
17,621.397,0.152509184
18,621.397,0.16050816
19,621.397,0.169597184
20,621.397,0.177822976
21,621.397,0.185611008
22,621.397,0.193417984
23,621.397,0.202110976
24,621.397,0.213195008
25,621.397,0.22203008
26,621.397,0.230220032
27,621.397,0.237883136
28,621.397,0.246599168
29,588.642,0.254607104
30,588.642,0.263533056
31,588.642,0.27137408
32,588.642,0.27934208
33,614.486,0.287186176
34,614.486,0.295553024
35,614.486,0.304664064
36,614.486,0.312801024
37,614.486,0.322579968
38,614.486,0.331099136
39,614.486,0.338849024
40,614.486,0.347218176
41,614.486,0.355307008
42,614.486,0.363513088
43,614.486,0.371911168
44,614.486,0.380025088
45,614.486,0.387623168
46,614.486,0.395960064
47,614.486,0.40375808
48,614.486,0.411550976
49,614.486,0.419323136
50,614.486,0.427218176
51,614.486,0.43510912
52,614.486,0.443565056
53,614.486,0.451403008
54,614.486,0.45900416
55,614.486,0.466994176
56,614.486,0.474703104
57,614.486,0.482545152
58,614.486,0.491037952
59,614.486,0.498996992
60,614.486,0.506729984
61,614.486,0.514984192
62,614.486,0.522628096
63,614.486,0.530532096
64,614.486,0.538888192
65,614.486,0.546755072
66,614.486,0.554669056
67,614.486,0.56247808
68,614.486,0.570270976
69,614.486,0.578813184
70,614.486,0.586765056
71,614.486,0.594503168
72,614.486,0.602441984
73,614.486,0.61014912
74,614.486,0.619245056
75,614.486,0.627736064
76,614.486,0.63568512
77,614.486,0.6433792
78,613.688,0.651527168
79,613.688,0.659369984
80,613.688,0.667206144
81,613.688,0.675596032
82,613.688,0.6835712
83,613.688,0.691314176
84,613.688,0.699293184
85,613.688,0.707064064
86,613.688,0.715547136
87,613.688,0.723491072
88,613.688,0.731428096
89,613.688,0.739083008
90,613.688,0.74709504
91,613.688,0.754816
92,613.688,0.76336512
93,613.688,0.771098112
94,613.688,0.778860032
95,613.688,0.786782976
96,613.688,0.794740992
97,613.688,0.803158016
98,613.688,0.811015168
99,613.688,0.818942208
100,613.688,0.826749184
101,632.255,0.834724096
102,632.255,0.842621184
103,632.255,0.851065088
104,632.255,0.858770176
105,632.255,0.866674176
106,632.255,0.874546176
107,632.255,0.882448128
108,632.255,0.890889984
109,632.255,0.898897152
110,632.255,0.906644992
111,622.431,0.914651136
112,622.431,0.922329088
113,622.431,0.93083904
114,622.431,0.93863808
115,622.431,0.946363136
116,622.431,0.954052096
117,622.431,0.961818112
118,622.431,0.970284032
119,622.431,0.97818112
120,622.431,0.98598912
121,622.431,0.993723136
122,622.431,1.001928192
123,786.944,1.01019904
124,786.944,1.017982976
125,786.944,1.025723136
126,786.944,1.033594112
127,786.944,1.041435136
128,786.944,1.05074304
129,786.944,1.058379008
130,786.944,1.066337024
131,804.435,1.073917184
132,804.435,1.081676032
133,804.435,1.08994304
134,804.435,1.097814016
135,804.435,1.10548096
136,804.435,1.113282048
137,804.435,1.120792064
138,804.435,1.12941696
139,804.435,1.13947008
140,804.435,1.14871296
141,804.435,1.156455168
142,804.435,1.165305088
143,804.435,1.173470976
144,804.435,1.181421056
145,804.435,1.189113088
146,804.435,1.19686016
147,804.435,1.205078016
148,804.435,1.212865024
149,804.435,1.220493056
150,804.435,1.228328192
151,804.435,1.236222208
152,804.435,1.245220096
153,804.435,1.252918016
154,792.172,1.261022976
155,792.172,1.268888064
156,792.172,1.27659904
157,792.172,1.284733184
158,792.172,1.292673024
159,792.172,1.300694016
160,792.172,1.308588032
161,792.172,1.31651712
162,792.172,1.324749056
163,792.172,1.333840128
164,792.172,1.341506048
165,792.172,1.34938112
166,792.172,1.35707008
167,792.172,1.364966144
168,792.172,1.37271296
169,792.172,1.381139968
170,792.172,1.388976128
171,792.172,1.397021952
172,792.172,1.404835072
173,792.172,1.41280512
174,792.172,1.420633088
175,792.172,1.429008128
176,792.172,1.436908032
177,792.172,1.444673024
178,792.172,1.454166016
179,792.172,1.46266112
180,792.172,1.470412032
181,792.172,1.478290176
182,792.172,1.48662912
183,792.172,1.494497024
184,792.172,1.502390016
185,792.172,1.510173184
186,791.338,1.518262016
187,791.338,1.525959168
188,791.338,1.535148032
189,791.338,1.543059968
190,791.338,1.550763008
191,791.338,1.55853696
192,791.338,1.566448128
193,791.338,1.574089984
194,791.338,1.582586112
195,791.338,1.590321152
196,791.338,1.59874304
197,791.338,1.606819072
198,791.338,1.614934016
199,791.338,1.622877184
200,791.338,1.630767104
201,791.338,1.638916096
202,791.338,1.646793984
203,791.338,1.654458112
204,821.593,1.662416128
205,1063.128,1.670206976
206,988.838,1.677858048
207,988.838,1.686110976
208,988.838,1.693849088
209,988.838,1.701661184
210,988.838,1.709497088
211,988.838,1.717466112
212,988.838,1.72511104
213,988.838,1.7336832
214,988.838,1.741433088
215,988.838,1.750022144
216,988.838,1.757830144
217,988.838,1.765723136
218,988.838,1.773723136
219,988.838,1.782198016
220,988.838,1.792659968
221,988.838,1.800781056
222,988.838,1.808619008
223,988.838,1.816515072
224,988.838,1.824227072
225,988.838,1.832854016
226,988.838,1.840587008
227,988.838,1.848595968
228,988.838,1.856500992
229,988.838,1.864410112
230,988.838,1.872328192
231,988.838,1.880766208
232,988.838,1.888754176
233,988.838,1.89675904
234,988.838,1.904514048
235,988.838,1.912510976
236,988.838,1.921814016
237,988.838,1.930477056
238,988.838,1.938363136
239,988.838,1.946237184
240,988.838,1.954164992
241,988.838,1.962023168
242,988.838,1.97039104
243,988.838,1.978759168
244,988.838,1.986969088
245,988.838,1.994769152
246,988.838,2.00258816
247,988.838,2.010416128
248,988.838,2.018809088
249,988.838,2.026567168
250,988.838,2.034484992
251,988.838,2.04217216
252,988.838,2.051279104
253,960.297,2.059961088
254,960.297,2.068062976
255,960.297,2.075972096
256,960.297,2.0838592
257,960.297,2.091496192
258,960.297,2.099527168
259,960.297,2.107866112
260,960.297,2.11658496
261,960.297,2.124410112
262,960.297,2.13271296
263,960.297,2.140646144
264,951.510,2.148602112
265,951.510,2.15695616
266,951.510,2.16549504
267,951.510,2.173635072
268,828.173,2.181555968
269,828.173,2.189487104
270,828.173,2.198092032
271,828.173,2.205874176
272,828.173,2.213718016
273,828.173,2.221761024
274,828.173,2.229746176
275,828.173,2.238081024
276,828.173,2.245960192
277,828.173,2.253890048
278,828.173,2.262146048
279,828.173,2.270013184
280,828.173,2.277899008
281,828.173,2.28644096
282,828.173,2.294438144
283,828.173,2.302385152
284,828.173,2.310055168
285,828.173,2.317880064
286,828.173,2.326553088
287,828.173,2.334343168
288,828.173,2.342141184
289,828.173,2.35056512
290,828.173,2.358272
291,828.173,2.366886144
292,828.173,2.37462912
293,828.173,2.382514176
294,828.173,2.3903552
295,828.173,2.399005184
296,828.173,2.407931136
297,828.173,2.415852032
298,828.173,2.423766016
299,828.173,2.431667968
300,828.173,2.439419136
301,828.173,2.447887104
302,828.173,2.455657984
303,828.173,2.463571968
304,828.173,2.471304192
305,828.173,2.479027968
306,972.523,2.48730112
307,972.523,2.495005184
308,974.752,2.502791168
309,974.752,2.510667008
310,974.752,2.51843712
311,974.752,2.526594048
312,974.752,2.536002048
313,881.876,2.543912192
314,881.876,2.554159104
315,881.876,2.562732032
316,881.876,2.57156608
317,881.876,2.579629056
318,881.876,2.587409152
319,881.876,2.595300096
320,881.876,2.603748096
321,881.876,2.611570176
322,881.876,2.619268096
323,881.876,2.62706816
324,881.876,2.635172096
325,881.876,2.643544064
326,881.876,2.651567104
327,881.876,2.659262208
328,881.876,2.667343104
329,881.876,2.675066112
330,881.876,2.68355712
331,881.876,2.691506176
332,881.876,2.699392
333,881.876,2.707170048
334,881.876,2.715622144
335,881.876,2.72330112
336,881.876,2.731289088
337,881.876,2.7391232
338,881.876,2.749277184
339,881.876,2.758187008
340,881.876,2.766276096
341,881.876,2.773974016
342,881.876,2.781874176
343,881.876,2.78985216
344,881.876,2.79840896
345,881.876,2.806296064
346,881.876,2.814257152
347,881.876,2.821978112
348,881.876,2.83002496
349,881.876,2.838796032
350,881.876,2.846759168
351,881.876,2.854540032
352,881.876,2.865409024
353,881.876,2.874170112
354,881.876,2.883183104
355,881.876,2.890828032
356,881.876,2.898624
357,881.876,2.906339072
358,881.876,2.914137088
359,881.876,2.92251904
360,881.876,2.930458112
361,881.876,2.93876608
362,881.876,2.946692096
363,881.876,2.95438208
364,881.876,2.962828032
365,881.876,2.970970112
366,881.876,2.979971072
367,763.902,2.987917056
368,815.779,2.995732992
369,815.779,3.004152064
370,815.779,3.01350912
371,815.779,3.021824
372,815.779,3.029553152
373,815.779,3.037192192
374,815.779,3.0493312
375,815.779,3.057430016
376,815.779,3.065462016
377,815.779,3.076409088
378,815.779,3.08461696
379,815.779,3.09288704
380,815.779,3.100696064
381,815.779,3.108473088
382,729.540,3.116300032
383,729.540,3.123960064
384,729.540,3.132506112
385,729.540,3.140410112
386,729.540,3.14866816
387,729.540,3.156489984
388,729.540,3.164327168
389,729.540,3.172704
390,729.540,3.180577024
391,729.540,3.188310016
392,729.540,3.196276992
393,729.540,3.204585984
394,729.540,3.212455168
395,729.540,3.220199168
396,729.540,3.227997184
397,729.540,3.235874048
398,729.540,3.244304128
399,729.540,3.252121088
400,729.540,3.260305152
401,729.540,3.268068096
402,729.540,3.276365056
403,729.540,3.28423296
404,729.540,3.29183104
405,729.540,3.29975808
406,729.540,3.307486976
407,729.540,3.315847168
408,729.540,3.323723008
409,729.540,3.332141056
410,729.540,3.340307968
411,729.540,3.34826112
412,729.540,3.356475136
413,729.540,3.36447104
414,729.540,3.37226112
415,729.540,3.380025088
416,729.540,3.387846144
417,729.540,3.396201984
418,729.540,3.40400512
419,729.540,3.411891968
420,729.540,3.419635968
421,729.540,3.428135168
422,729.540,3.438275072
423,729.540,3.447129088
424,729.540,3.455149056
425,729.540,3.463174144
426,729.540,3.47091712
427,729.540,3.478823168
428,729.540,3.487366144
429,729.540,3.495284992
430,729.540,3.503185152
431,735.975,3.511030016
432,735.975,3.51874816
433,735.975,3.52715008
434,750.266,3.53512704
435,750.266,3.54306816
436,750.266,3.550929152
437,750.266,3.558674176
438,750.266,3.567254016
439,750.266,3.5750592
440,750.266,3.583126016
441,750.266,3.5912
442,750.266,3.59919104
443,750.266,3.607478016
444,750.266,3.615549184
445,750.266,3.623482112
446,750.266,3.631547136
447,750.266,3.639874048
448,750.266,3.64799616
449,750.266,3.655979008
450,750.266,3.663902976
451,750.266,3.671856128
452,750.266,3.68074112
453,750.266,3.688850176
454,750.266,3.696864
455,750.266,3.704652032
456,750.266,3.71270016
457,750.266,3.721071104
458,750.266,3.729101056
459,750.266,3.737008128
460,679.598,3.744817152
461,679.598,3.752653056
462,679.598,3.761668096
463,679.598,3.769556992
464,679.598,3.77741312
465,679.598,3.78526208
466,679.598,3.793702144
467,679.598,3.801721088
468,679.598,3.810205184
469,679.598,3.818214144
470,679.598,3.8271872
471,679.598,3.83589504
472,679.598,3.843864064
473,679.598,3.851858176
474,679.598,3.859576064
475,679.598,3.868465152
476,700.276,3.876391168
477,700.276,3.884263168
478,700.276,3.8924352
479,700.276,3.901187072
480,700.276,3.909105152
481,700.276,3.917024
482,700.276,3.924641024
483,700.276,3.932544
484,700.276,3.940794112
485,929.685,3.950157056
486,929.685,3.959552
487,929.685,3.967635968
488,929.685,3.975732992
489,929.685,3.983497984
490,929.685,3.99120896
491,929.685,3.999163136
492,929.685,4.007430144
493,929.685,4.015320064
494,929.685,4.023081984
495,929.685,4.030944
496,929.685,4.038665984
497,929.685,4.04699008
498,929.685,4.054831104
499,929.685,4.062649088
500,929.685,4.07028096
501,929.685,4.078817024
502,929.685,4.08666112
503,929.685,4.094336
504,929.685,4.105892096
505,929.685,4.114202112
506,929.685,4.122407168
507,929.685,4.130459136
508,929.685,4.138336
509,929.685,4.146191104
510,929.685,4.154107136
511,929.685,4.162924032
512,929.685,4.170811136
513,929.685,4.178483968
514,929.685,4.186144
515,929.685,4.193794048
516,929.685,4.203282176
517,929.685,4.211910144
518,929.685,4.219670016
519,929.685,4.22735616
520,929.685,4.235289088
521,929.685,4.2434432
522,929.685,4.251322112
523,929.685,4.259070208
524,929.685,4.267472128
525,929.685,4.275368192
526,929.685,4.2836352
527,929.685,4.291299072
528,974.347,4.300066048
529,974.347,4.308829952
530,974.347,4.31827712
531,974.347,4.326801152
532,974.347,4.336404992
533,974.347,4.344418048
534,974.347,4.35232
535,974.347,4.360020992
536,974.347,4.369928192
537,974.347,4.378420992
538,974.347,4.386365184
539,974.347,4.394119168
540,974.347,4.403635968
541,974.347,4.41178112
542,974.347,4.41984512
543,974.347,4.42770816
544,974.347,4.435549952
545,974.347,4.4440192
546,974.347,4.451979008
547,974.347,4.459665152
548,978.513,4.46853504
549,978.513,4.476200192
550,978.513,4.484708096
551,978.513,4.492369152
552,978.513,4.500152064
553,978.513,4.507951104
554,978.513,4.516274176
555,978.513,4.5241472
556,978.513,4.532548096
557,978.513,4.540280064
558,978.513,4.548227072
559,978.513,4.55654912
560,978.513,4.564615168
561,978.513,4.572538112
562,978.513,4.580396032
563,978.513,4.588825088
564,978.513,4.59670912
565,978.513,4.604416
566,978.513,4.612594176
567,978.513,4.621494016
568,1013.654,4.62962304
569,1013.654,4.63890304
570,1013.654,4.647033088
571,1013.654,4.655250176
572,914.839,4.663183104
573,914.839,4.671277056
574,914.839,4.679115008
575,914.839,4.686867968
576,914.839,4.695280128
577,914.839,4.703126016
578,914.839,4.710951168
579,914.839,4.71878016
580,914.839,4.72718208
581,914.839,4.734988032
582,789.518,4.742518016
583,789.518,4.750387968
584,789.518,4.758188032
585,789.518,4.76660608
586,789.518,4.775827968
587,789.518,4.783649024
588,789.518,4.791283968
589,789.518,4.799145984
590,789.518,4.8072512
591,789.518,4.815539968
592,789.518,4.823133952
593,789.518,4.83086208
594,789.518,4.838649088
595,789.518,4.84678912
596,789.518,4.854505984
597,789.518,4.863928064
598,789.518,4.873684992
599,789.518,4.881638144
600,789.518,4.890056192
601,789.518,4.89814016
602,789.518,4.90599296
603,789.518,4.914027008
604,789.518,4.921736192
605,789.518,4.930046208
606,782.404,4.938032128
607,782.404,4.945890048
608,782.404,4.953640192
609,782.404,4.961393152
610,782.404,4.969671168
611,808.738,4.977524992
612,808.738,4.985597184
613,808.738,4.99345408
614,808.738,5.003386112
615,808.738,5.012443136
616,808.738,5.02011904
617,808.738,5.027737088
618,808.738,5.03552512
619,808.738,5.043308032
620,808.738,5.051505152
621,808.738,5.059204096
622,808.738,5.066963968
623,808.738,5.074530048
624,808.738,5.082379008
625,808.738,5.090544128
626,808.738,5.098311168
627,808.738,5.106074112
628,808.738,5.113880064
629,808.738,5.121651968
630,808.738,5.129592064
631,808.738,5.137907968
632,808.738,5.145713152
633,808.738,5.15460096
634,808.738,5.162561024
635,808.738,5.1703232
636,808.738,5.1787072
637,808.738,5.186771968
638,808.738,5.19469312
639,808.738,5.202379008
640,808.738,5.21014016
641,808.738,5.217878016
642,808.738,5.226114048
643,808.738,5.234099968
644,808.738,5.2417472
645,808.738,5.249645056
646,808.738,5.257355008
647,808.738,5.265722112
648,808.738,5.273515008
649,808.738,5.281501952
650,808.738,5.29259904
651,808.738,5.301270016
652,808.738,5.309082112
653,808.738,5.31744
654,808.738,5.325145088
655,808.738,5.332989184
656,808.738,5.34058112
657,808.738,5.348481024
658,808.738,5.356871168
659,808.738,5.36468096
660,808.738,5.372557056
661,808.738,5.380464128
662,808.738,5.38813312
663,808.738,5.396652032
664,808.738,5.404399104
665,808.738,5.412201984
666,808.738,5.419929088
667,808.738,5.427592192
668,808.738,5.436201984
669,808.738,5.444108032
670,808.738,5.451802112
671,808.738,5.45960704
672,808.738,5.467379968
673,808.738,5.475504128
674,808.738,5.483444992
675,808.738,5.491047168
676,808.738,5.501122048
677,808.738,5.509888
678,808.738,5.518407168
679,808.738,5.526334208
680,853.527,5.534536192
681,808.738,5.542347008
682,808.738,5.550102016
683,808.738,5.558427136
684,808.738,5.566299136
685,808.738,5.574113024
686,808.738,5.582020096
687,808.738,5.589622016
688,808.738,5.598436096
689,808.738,5.606178048
690,808.738,5.614001152
691,808.738,5.621840128
692,808.738,5.62950016
693,808.738,5.638029056
694,808.738,5.646078208
695,808.738,5.653958144
696,808.738,5.661833984
697,808.738,5.669690112
698,808.738,5.67797504
699,808.738,5.686910976
700,808.738,5.696428032
701,808.738,5.704446976
702,808.738,5.712742144
703,808.738,5.720740096
704,808.738,5.728574976
705,808.738,5.736456192
706,808.738,5.744250112
707,808.738,5.75254912
708,808.738,5.760381184
709,808.738,5.768214016
710,808.738,5.776029184
711,808.738,5.784446208
712,808.738,5.79211008
713,808.738,5.800139008
714,808.738,5.808186112
715,808.738,5.816241152
716,808.738,5.824428032
717,843.400,5.832264192
718,808.738,5.840702208
719,808.738,5.848730112
720,808.738,5.856870144
721,808.738,5.864694016
722,808.738,5.872569088
723,808.738,5.880420096
724,808.738,5.888893184
725,808.738,5.896888064
726,808.738,5.904794112
727,808.738,5.912888064
728,808.738,5.920648192
729,808.738,5.92848512
730,808.738,5.938731008
731,808.738,5.948123136
732,808.738,5.955811072
733,808.738,5.963707136
734,808.738,5.971449088
735,808.738,5.979777024
736,808.738,5.987513088
737,953.902,5.9952
738,808.738,6.002823168
739,808.738,6.011540992
740,808.738,6.019774208
741,808.738,6.027460096
742,808.738,6.03536512
743,808.738,6.043158016
744,808.738,6.051073024
745,808.738,6.05933696
746,808.738,6.067341056
747,808.738,6.075291136
748,871.461,6.08338304
749,808.738,6.09106304
750,808.738,6.099497984
751,808.738,6.107357952
752,808.738,6.115643136
753,808.738,6.123293952
754,808.738,6.131611136
755,808.738,6.139518208
756,808.738,6.147344128
757,808.738,6.154932992
758,808.738,6.162924032
759,808.738,6.17184512
760,808.738,6.179747072
761,808.738,6.18752896
762,808.738,6.195234048
763,808.738,6.204051968
764,808.738,6.212273152
765,808.738,6.220008192
766,808.738,6.227673088
767,808.738,6.235363072
768,808.738,6.243081984
769,808.738,6.251601152
770,808.738,6.2592
771,808.738,6.267131136
772,808.738,6.274662144
773,808.738,6.282407168
774,808.738,6.290787072
775,808.738,6.298678016
776,808.738,6.30646912
777,808.738,6.314360064
778,808.738,6.322025984
779,808.738,6.329854208
780,808.738,6.337583104
781,808.738,6.345910016
782,808.738,6.354349056
783,808.738,6.362136064
784,808.738,6.369924096
785,808.738,6.381618176
786,808.738,6.389552128
787,808.738,6.397914112
788,808.738,6.40578816
789,808.738,6.413634048
790,808.738,6.421356032
791,808.738,6.429295104
792,808.738,6.437146112
793,808.738,6.444966144
794,808.738,6.454836992
795,808.738,6.46269696
796,808.738,6.470526976
797,808.738,6.478372096
798,811.908,6.486216192
799,808.738,6.493901056
800,808.738,6.502210048
801,808.738,6.509997056
802,808.738,6.51798016
803,808.738,6.525613056
804,808.738,6.533608192
805,808.738,6.541190144
806,808.738,6.548922112
807,808.738,6.55720704
808,808.738,6.565063168
809,808.738,6.572770048
810,808.738,6.580736
811,808.738,6.588588032
812,704.038,6.596509184
813,704.038,6.604662016
814,704.038,6.612513024
815,704.038,6.620487168
816,704.038,6.62827008
817,704.038,6.636035072
818,704.038,6.643833088
819,704.038,6.652219136
820,704.038,6.65987712
821,704.038,6.668953088
822,704.038,6.677420032
823,704.038,6.685284096
824,704.038,6.692884992
825,703.797,6.700854016
826,703.797,6.709302016
827,703.797,6.717315072
828,703.797,6.725696
829,703.797,6.733657088
830,703.797,6.741498112
831,703.797,6.74944
832,703.797,6.75758208
833,703.797,6.765587968
834,703.797,6.773388032
835,703.797,6.781214976
836,703.797,6.789131008
837,703.797,6.796928
838,703.797,6.805190144
839,703.797,6.81316096
840,703.797,6.82090496
841,703.797,6.828851968
842,703.797,6.836722176
843,703.797,6.844491008
844,703.797,6.852977152
845,716.671,6.862006016
846,703.797,6.871544064
847,703.797,6.87940608
848,703.797,6.887266048
849,703.797,6.895204096
850,703.797,6.90348416
851,703.797,6.911325184
852,703.797,6.919177984
853,703.797,6.92710016
854,703.797,6.934998016
855,703.797,6.943225088
856,703.797,6.95103616
857,703.797,6.95882496
858,703.797,6.966849024
859,703.797,6.974689024
860,703.797,6.982504192
861,703.797,6.990768128
862,703.797,6.998929152
863,703.797,7.006576128
864,703.797,7.014483968
865,703.797,7.022292992
866,703.797,7.030368
867,703.797,7.038923008
868,703.797,7.046763008
869,703.797,7.054603008
870,703.797,7.062632192
871,703.797,7.07040896
872,703.797,7.078259968
873,703.797,7.086700032
874,703.797,7.094544128
875,703.797,7.10400512
876,703.797,7.11213696
877,703.797,7.12014208
878,703.797,7.128596992
879,703.797,7.136989952
880,703.797,7.14492416
881,703.797,7.152614144
882,703.797,7.16040704
883,702.698,7.168104192
884,702.698,7.176093952
885,702.698,7.183995136
886,702.698,7.191678208
887,702.698,7.199389952
888,702.698,7.20716416
889,657.783,7.215593984
890,612.588,7.22332416
891,612.588,7.23131008
892,613.645,7.240211968
893,612.588,7.24812416
894,612.588,7.256489984
895,612.588,7.264836096
896,612.588,7.272961024
897,612.588,7.280864
898,612.588,7.288809984
899,661.558,7.296722176
900,684.798,7.305206016
901,612.588,7.313091072
902,612.588,7.321732096
903,612.588,7.330342144
904,612.588,7.337955072
905,612.588,7.346416128
906,612.588,7.3541312
907,612.588,7.362136064
908,612.588,7.369954048
909,612.588,7.37773312
910,612.588,7.386027008
911,612.588,7.394258176
912,612.588,7.402619136
913,612.588,7.410561024
914,612.588,7.420442112
915,495.908,7.429063168
916,495.908,7.436889088
917,495.908,7.444646144
918,495.908,7.452451072
919,495.908,7.460171008
920,495.908,7.468705024
921,495.908,7.476363008
922,495.908,7.484146176
923,495.908,7.491888128
924,495.908,7.499638016
925,495.908,7.507901184
926,495.908,7.515757056
927,495.908,7.523331072
928,495.908,7.531197184
929,495.908,7.538915072
930,495.908,7.547456
931,495.908,7.555307008
932,495.908,7.563154176
933,495.908,7.570804992
934,495.908,7.579195136
935,495.908,7.586776064
936,495.908,7.594366976
937,495.908,7.602205184
938,495.908,7.609775104
939,495.908,7.618078976
940,495.908,7.625736192
941,495.908,7.634834176
942,495.908,7.643330048
943,495.908,7.651111168
944,495.908,7.65943296
945,495.908,7.667446016
946,495.908,7.675090176
947,495.908,7.682938112
948,495.908,7.690969088
949,495.908,7.698745088
950,495.908,7.706530048
951,495.908,7.714269184
952,495.908,7.72188416
953,495.908,7.730241024
954,495.908,7.737972992
955,495.908,7.746024192
956,495.908,7.753801984
957,495.908,7.76208
958,495.908,7.77002112
959,495.908,7.777683968
960,495.908,7.7854912
961,495.908,7.79328896
962,495.908,7.802045184
963,495.908,7.809761024
964,495.908,7.817632
965,528.804,7.8252672
966,495.908,7.833121024
967,495.908,7.841342208
968,495.908,7.849379072
969,495.908,7.857107968
970,495.908,7.864930048
971,495.908,7.87261312
972,495.908,7.881132032
973,495.908,7.888888064
974,609.229,7.89683712
975,495.908,7.904544
976,495.908,7.91227008
977,495.908,7.920647168
978,495.908,7.928434176
979,495.908,7.939204096
980,495.908,7.947762176
981,495.908,7.955683072
982,495.908,7.963865088
983,495.908,7.971505152
984,495.908,7.97936896
985,495.908,7.987755008
986,495.908,7.995514112
987,470.915,8.00392704
988,620.830,8.011745024
989,470.915,8.019545088
990,470.915,8.02722816
991,470.915,8.035010048
992,470.915,8.043251968
993,470.915,8.0510912
994,470.915,8.058696192
995,470.915,8.066653184
996,470.915,8.074333952
997,470.915,8.083592192
998,470.915,8.091299072
999,470.915,8.099198976
1000,470.915,8.107070208
1001,470.915,8.114909184
1002,470.915,8.123160064
1003,470.915,8.131008
1004,470.915,8.138696192
1005,470.915,8.147005184
1006,470.915,8.154656
1007,470.915,8.16290304
1008,470.915,8.170760192
1009,470.915,8.178468096
1010,470.915,8.186018048
1011,476.130,8.194643968
1012,470.915,8.202375168
1013,470.915,8.210164992
1014,470.915,8.217981184
1015,470.915,8.225659136
1016,470.915,8.234247168
1017,470.915,8.24198912
1018,470.915,8.249740032
1019,470.915,8.257895168
1020,470.915,8.266164992
1021,470.915,8.273897984
1022,470.915,8.281967104
1023,470.915,8.289735168
1024,470.915,8.297693952
1025,470.915,8.305985024
1026,470.915,8.313882112
1027,470.915,8.321633024
1028,470.915,8.329315072
1029,470.915,8.337632
1030,470.915,8.34535808
1031,470.915,8.353283072
1032,470.915,8.361612032
1033,470.915,8.369342208
1034,470.915,8.377508096
1035,470.915,8.385332992
1036,470.915,8.392858112
1037,470.915,8.400862976
1038,470.915,8.408734976
1039,470.915,8.417168128
1040,470.915,8.425035008
1041,470.915,8.432996096
1042,470.915,8.440760064
1043,470.915,8.448635136
1044,470.915,8.45626112
1045,470.915,8.464634112
1046,470.915,8.47248512
1047,470.915,8.481373952
1048,470.915,8.49094912
1049,470.915,8.49898496
1050,470.915,8.507425024
1051,470.915,8.51540096
1052,470.915,8.523115008
1053,470.915,8.531091968
1054,470.915,8.538809088
1055,470.915,8.547326208
1056,470.915,8.555072
1057,470.915,8.562923008
1058,494.766,8.570756096
1059,470.915,8.578526976
1060,470.915,8.586781952
1061,470.915,8.594624
1062,470.915,8.602328064
1063,470.915,8.609992192
1064,470.915,8.618238208
1065,470.915,8.625819136
1066,470.915,8.634269952
1067,470.915,8.642131968
1068,470.915,8.649907968
1069,470.915,8.658408192
1070,470.915,8.666545152
1071,470.915,8.674356992
1072,470.915,8.68234112
1073,470.915,8.689978112
1074,470.915,8.698430976
1075,470.915,8.706159104
1076,470.915,8.713924096
1077,470.915,8.721722112
1078,470.915,8.729949184
1079,470.915,8.737607168
1080,470.915,8.745374976
1081,470.915,8.753137152
1082,470.915,8.760838144
1083,470.915,8.769245952
1084,470.915,8.777031168
1085,466.650,8.784920064
1086,466.650,8.792614144
1087,466.650,8.80042112
1088,466.650,8.809312
1089,466.650,8.817030144
1090,518.641,8.824655104
1091,466.650,8.832514048
1092,466.650,8.840457984
1093,466.650,8.848137984
1094,466.650,8.855858176
1095,466.650,8.863609088
1096,466.650,8.873718016
1097,466.650,8.882595072
1098,466.650,8.890690048
1099,466.650,8.898587136
1100,466.650,8.906275072
1101,466.650,8.914852096
1102,466.650,8.92255104
1103,480.344,8.930567168
1104,466.650,8.938238208
1105,466.650,8.945843968
1106,466.650,8.954235136
1107,466.650,8.962056192
1108,466.650,8.969782016
1109,466.650,8.977757952
1110,466.650,8.985607168
1111,466.650,8.99383808
1112,466.650,9.00183296
1113,466.650,9.00957696
1114,466.650,9.018316032
1115,466.650,9.02611712
1116,466.650,9.03461504
1117,384.616,9.042387968
1118,340.542,9.050196992
1119,340.542,9.057952
1120,340.542,9.065873152
1121,340.542,9.074121984
1122,340.542,9.082097152
1123,340.542,9.089790976
1124,340.542,9.09755904
1125,340.542,9.105359104
1126,340.542,9.113641984
1127,340.542,9.121481984
1128,345.710,9.12925312
1129,340.542,9.137032192
1130,340.542,9.144868096
1131,340.542,9.153378048
1132,340.542,9.161283072
1133,340.542,9.1692992
1134,340.542,9.177359104
1135,340.542,9.185137152
1136,340.542,9.193464064
1137,340.542,9.203428096
1138,340.542,9.211454208
1139,340.542,9.219291136
1140,340.542,9.227659008
1141,340.542,9.235476992
1142,340.542,9.24309504
1143,340.542,9.251051008
1144,340.542,9.258665984
1145,340.542,9.267197184
1146,340.542,9.274918144
1147,340.542,9.282717184
1148,340.542,9.290512128
1149,340.542,9.298866176
1150,340.542,9.306653952
1151,340.542,9.314761984
1152,340.542,9.322465024
1153,340.542,9.330290176
1154,340.542,9.338686208
1155,340.542,9.346494208
1156,340.542,9.354358016
1157,340.542,9.362118144
1158,485.401,9.37039104
1159,340.542,9.378215168
1160,340.542,9.386046976
1161,340.542,9.393649152
1162,340.542,9.401639168
1163,340.542,9.409832192
1164,340.542,9.417745152
1165,340.542,9.425554176
1166,340.542,9.433602048
1167,340.542,9.442095104
1168,340.542,9.450070016
1169,340.542,9.45779712
1170,340.542,9.465814016
1171,340.542,9.474029056
1172,340.542,9.482059008
1173,340.542,9.489889024
1174,340.542,9.497722112
1175,338.595,9.505529088
1176,393.001,9.514008064
1177,338.595,9.521746176
1178,338.595,9.529689088
1179,338.595,9.5374912
1180,338.595,9.54527616
1181,338.595,9.554278144
1182,338.595,9.562234112
1183,338.595,9.573456128
1184,338.595,9.581611008
1185,338.595,9.589688064
1186,338.595,9.598518016
1187,338.595,9.606393088
1188,338.595,9.614212096
1189,338.595,9.622077184
1190,338.595,9.6308672
1191,338.595,9.64083712
1192,338.595,9.64874496
1193,338.595,9.656689152
1194,338.595,9.664568064
1195,338.595,9.67226112
1196,338.595,9.680696064
1197,338.595,9.688431104
1198,338.595,9.697235968
1199,338.595,9.704998144
1200,338.595,9.71280896
1201,338.595,9.721199104
1202,338.595,9.729105152
1203,338.595,9.737049088
1204,338.595,9.744953088
1205,338.595,9.752756992
1206,338.595,9.761103104
1207,338.595,9.768754176
1208,338.595,9.776236032
1209,338.595,9.785021184
1210,338.595,9.793444096
1211,338.595,9.801363968
1212,338.595,9.809001984
1213,338.595,9.8168
1214,351.566,9.82452608
1215,338.595,9.832808192
1216,338.595,9.840510976
1217,338.595,9.84952704
1218,338.595,9.859014144
1219,338.595,9.866966016
1220,338.595,9.875034112
1221,338.595,9.88303104
1222,338.595,9.890760192
1223,338.595,9.898856192
1224,349.948,9.90699008
1225,338.595,9.914723072
1226,338.595,9.922324992
1227,338.595,9.930850048
1228,338.595,9.938681088
1229,338.595,9.947128064
1230,338.595,9.95471616
1231,338.595,9.962333952
1232,338.595,9.97232512
1233,338.595,9.980993024
1234,338.595,9.988780032
1235,338.595,9.99678208
1236,338.595,10.004742144
1237,338.595,10.01250304
1238,338.595,10.020603136
1239,338.595,10.031960064
1240,338.595,10.040839168
1241,338.595,10.049437184
1242,338.595,10.058279168
1243,338.595,10.06624896
1244,338.595,10.074184192
1245,338.595,10.08201216
1246,338.595,10.09030016
1247,338.595,10.098589184
1248,338.595,10.106432
1249,338.595,10.115321088
1250,338.595,10.123688192
1251,338.595,10.131535104
1252,338.595,10.139378176
1253,338.595,10.147171072
1254,338.595,10.154963968
1255,338.595,10.16265216
1256,338.595,10.17116416
1257,338.595,10.17920512
1258,338.595,10.186993152
1259,338.595,10.194750208
1260,338.595,10.20523904
1261,338.595,10.214045184
1262,338.595,10.221731072
1263,338.595,10.22954112
1264,338.595,10.23746304
1265,338.595,10.245709056
1266,338.595,10.254014976
1267,338.595,10.261758976
1268,338.595,10.269502976
1269,316.212,10.277275136
1270,316.212,10.284990976
1271,316.212,10.292943104
1272,316.212,10.300880128
1273,336.712,10.308866048
1274,316.212,10.316574976
1275,316.212,10.324418048
1276,316.212,10.332968192
1277,316.804,10.340845056
1278,316.212,10.348729088
1279,316.212,10.35636096
1280,316.212,10.364297984
1281,316.212,10.37261696
1282,316.212,10.380455168
1283,316.212,10.388340992
1284,316.212,10.396349184
1285,316.212,10.406493952
1286,316.212,10.414457088
1287,316.212,10.422234112
1288,316.212,10.43083008
1289,316.212,10.439748096
1290,316.212,10.448103168
1291,316.212,10.455890176
1292,316.212,10.463992064
1293,316.212,10.472406016
1294,316.212,10.480359168
1295,316.212,10.488612096
1296,316.212,10.496465152
1297,316.212,10.504436992
1298,316.212,10.5122432
1299,316.212,10.5204992
1300,304.147,10.528210176
1301,304.147,10.536082176
1302,304.147,10.543791104
1303,304.147,10.552139008
1304,304.147,10.560221184
1305,304.147,10.571702016
1306,304.147,10.579969024
1307,304.147,10.587752192
1308,304.147,10.596172032
1309,304.147,10.603945984
1310,304.147,10.611683072
1311,304.147,10.619485952
1312,304.147,10.62715008
1313,304.147,10.635424
1314,304.147,10.643262976
1315,304.147,10.651046144
1316,348.417,10.658653184
1317,304.147,10.666673152
1318,304.147,10.675009024
1319,304.147,10.682895104
1320,304.147,10.690742016
1321,304.147,10.701451008
1322,304.147,10.710459136
1323,304.147,10.71848704
1324,304.147,10.726735104
1325,304.147,10.735581184
1326,304.147,10.743409152
1327,294.808,10.751248128
1328,294.808,10.759037184
1329,294.808,10.767518976
1330,294.808,10.77637504
1331,294.808,10.784346112
1332,294.808,10.792036096
1333,294.808,10.8
1334,294.808,10.807640064
1335,294.808,10.815407104
1336,294.808,10.823266048
1337,294.808,10.831719168
1338,294.808,10.839608064
1339,294.808,10.847582976
1340,294.808,10.855298048
1341,294.808,10.863206144
1342,294.808,10.872086016
1343,294.808,10.880359168
1344,294.808,10.888103168
1345,294.808,10.8958592
1346,294.808,10.903592192
1347,294.808,10.91137408
1348,294.808,10.919506176
1349,298.980,10.92770304
1350,294.808,10.93660416
1351,294.808,10.944390144
1352,294.808,10.952244992
1353,294.808,10.959891968
1354,294.808,10.967848192
1355,294.808,10.976153088
1356,294.808,10.984050176
1357,294.808,10.99192704
1358,294.808,10.999846144
1359,294.808,11.007389952
1360,294.808,11.015339008
1361,294.808,11.02434816
1362,294.808,11.032296192
1363,294.808,11.039911168
1364,294.808,11.047763968
1365,294.808,11.05554304
1366,294.808,11.063697152
1367,294.808,11.071297024
1368,294.808,11.079069184
1369,294.808,11.089364992
1370,294.808,11.0985792
1371,294.808,11.106498048
1372,294.808,11.115015168
1373,294.808,11.122786048
1374,294.808,11.130924032
1375,294.808,11.138664192
1376,294.808,11.146525952
1377,294.808,11.154383104
1378,294.808,11.162714112
1379,294.808,11.170338048
1380,294.808,11.17847296
1381,294.808,11.188838144
1382,294.808,11.196894976
1383,294.808,11.20514816
1384,294.325,11.213255168
1385,294.325,11.221043968
1386,294.325,11.228877056
1387,266.280,11.236664064
1388,266.280,11.244248064
1389,266.280,11.253647104
1390,266.280,11.261543168
1391,266.280,11.269776128
1392,266.280,11.277604096
1393,266.280,11.285313024
1394,266.280,11.293619968
1395,266.280,11.301508096
1396,266.280,11.309155072
1397,266.280,11.317156096
1398,266.280,11.324829184
1399,266.280,11.332619008
1400,266.280,11.340995072
1401,266.280,11.348856064
1402,266.280,11.356542976
1403,266.280,11.364300032
1404,266.280,11.371906048
1405,266.280,11.380224
1406,266.280,11.387898112
1407,266.280,11.395532032
1408,266.280,11.403240192
1409,266.280,11.410895104
1410,266.280,11.419076096
1411,266.280,11.426857984
1412,266.280,11.434632192
1413,266.280,11.442424064
1414,266.280,11.450307072
1415,246.383,11.457851136
1416,246.383,11.466003968
1417,259.857,11.473761024
1418,246.383,11.481552128
1419,246.383,11.489092096
1420,246.383,11.496939008
1421,246.383,11.505185024
1422,246.383,11.512947968
1423,246.383,11.520721152
1424,246.383,11.528620032
1425,246.383,11.536338176
1426,246.383,11.544701184
1427,246.383,11.552487168
1428,246.383,11.56010496
1429,246.383,11.567809024
1430,246.383,11.5758272
1431,246.383,11.585040128
1432,246.383,11.592633088
1433,246.383,11.600561152
1434,246.383,11.608299008
1435,246.383,11.61603712
1436,246.383,11.624465152
1437,246.383,11.632704
1438,246.383,11.64105216
1439,246.383,11.649017088
1440,246.383,11.656720128
1441,218.016,11.66578304
1442,218.016,11.675392
1443,218.016,11.683376128
1444,218.016,11.691133184
1445,212.102,11.699638016
1446,245.931,11.707318016
1447,212.102,11.71508608
1448,212.102,11.722898176
1449,364.036,11.730842112
1450,212.102,11.73909504
1451,212.102,11.747245056
1452,212.102,11.755058176
1453,212.102,11.762955008
1454,212.102,11.770750208
1455,212.102,11.779194112
1456,212.102,11.787226112
1457,212.102,11.795080192
1458,212.102,11.80271104
1459,212.102,11.811014144
1460,193.707,11.818792192
1461,193.707,11.82637312
1462,193.707,11.83440512
1463,193.707,11.842243072
1464,193.707,11.852431104
1465,193.707,11.861545984
1466,193.707,11.86948608
1467,193.707,11.877138176
1468,193.707,11.887321088
1469,193.707,11.895842048
1470,193.707,11.904258048
1471,193.707,11.911972096
1472,193.707,11.919963136
1473,193.707,11.927803136
1474,193.707,11.935481088
1475,193.707,11.943817984
1476,193.707,11.951629056
1477,193.707,11.959183104
1478,193.707,11.967113984
1479,193.707,11.974776064
1480,193.707,11.98253312
1481,193.707,11.992450048
1482,193.707,12.001004032
1483,193.707,12.00876416
1484,182.324,12.01652096
1485,182.324,12.024194048
1486,182.324,12.032105984
1487,182.324,12.04072704
1488,182.324,12.04900608
1489,182.324,12.056669184
1490,182.324,12.064516096
1491,182.324,12.072244992
1492,182.324,12.0799872
1493,182.324,12.0883072
1494,182.324,12.09602304
1495,182.324,12.103705088
1496,182.324,12.111389952
1497,182.324,12.119163136
1498,182.324,12.126713088
1499,182.324,12.135187968
1500,182.324,12.14509312
1501,182.324,12.1529152
1502,182.324,12.16050304
1503,182.324,12.168273152
1504,182.324,12.176082176
1505,182.324,12.183816192
1506,182.324,12.192015104
1507,182.324,12.200088064
1508,182.324,12.207689984
1509,182.324,12.215507968
1510,182.324,12.22314112
1511,182.324,12.231128064
1512,182.324,12.23969408
1513,182.324,12.247464192
1514,182.324,12.255153152
1515,182.324,12.263015168
1516,182.324,12.270749184
1517,182.324,12.278366976
1518,182.324,12.28672
1519,182.324,12.294640128
1520,182.324,12.3025472
1521,182.324,12.310376192
1522,182.324,12.318192128
1523,182.324,12.3266432
1524,182.324,12.334507008
1525,182.324,12.342360064
1526,182.324,12.350476032
1527,182.324,12.358230016
1528,182.324,12.365991168
1529,182.324,12.374233088
1530,182.324,12.382050048
1531,182.324,12.389805056
1532,182.324,12.3977152
1533,150.608,12.405424128
1534,150.608,12.41323904
1535,150.608,12.421446144
1536,150.608,12.429389056
1537,159.891,12.437608192
1538,150.608,12.447006976
1539,150.608,12.455504128
1540,182.032,12.463457024
1541,150.608,12.472062976
1542,150.608,12.47996416
1543,150.608,12.48775808
1544,150.608,12.495724032
1545,150.608,12.503564032
1546,150.608,12.512077056
1547,150.608,12.520006144
1548,150.608,12.527802112
1549,150.608,12.535824128
1550,150.608,12.543517952
1551,150.608,12.551378176
1552,150.608,12.55978112
1553,150.608,12.567585024
1554,150.608,12.575156992
1555,150.608,12.583030016
1556,132.555,12.59059712
1557,132.555,12.599043072
1558,132.555,12.606797056
1559,132.555,12.614605056
1560,132.555,12.62237696
1561,110.353,12.630131968
1562,110.353,12.637849088
1563,110.353,12.646467072
1564,110.353,12.654221056
1565,110.353,12.662116096
1566,165.958,12.670173184
1567,110.353,12.678057984
1568,103.516,12.686462208
1569,103.516,12.694372096
1570,103.516,12.702152192
1571,103.516,12.70986112
1572,103.516,12.71752704
1573,103.516,12.725603072
1574,103.516,12.733491968
1575,103.516,12.741053184
1576,103.516,12.748728064
1577,103.516,12.756500992
1578,95.240,12.764161024
1579,95.240,12.77217408
1580,95.240,12.780094976
1581,95.240,12.787728128
1582,95.240,12.795345152
1583,95.240,12.803572992
1584,95.240,12.811838208
1585,95.240,12.819824128
1586,95.240,12.827689984
1587,95.240,12.835347968
1588,95.240,12.843057152
1589,95.240,12.85136
1590,95.240,12.859256064
1591,65.182,12.86710016
1592,65.182,12.87462912
1593,65.182,12.882355968
1594,65.182,12.890747136
1595,65.182,12.898603008
1596,65.182,12.906475008
1597,65.182,12.914394112
1598,65.182,12.922046976
1599,65.182,12.930547968
1600,65.182,12.93827712
1601,65.182,12.945974016
1602,65.182,12.953810176
1603,65.182,12.961513984
1604,65.182,12.969782016
1605,65.182,12.977662976
1606,65.182,12.985403136
1607,65.182,12.99297408
1608,65.182,13.002242048
1609,65.182,13.01068416
1610,65.182,13.018516992
1611,65.182,13.02609408
1612,65.182,13.033978112
1613,65.182,13.042192128
1614,65.182,13.05006208
1615,65.182,13.05779712
1616,65.182,13.06560896
1617,65.182,13.073368064
1618,65.182,13.081831168
1619,65.182,13.089457152
1620,65.182,13.097222144
1621,65.182,13.105030144
1622,65.182,13.113651968
1623,65.182,13.121504
1624,65.182,13.129819136
1625,65.182,13.13791616
1626,65.182,13.145629184
1627,65.182,13.153351168
1628,65.182,13.161494016
1629,65.182,13.169373952
1630,65.182,13.17687808
1631,65.182,13.18470912
1632,65.182,13.192332032
1633,65.182,13.201057024
1634,67.849,13.210568192
1635,65.182,13.21846016
1636,65.182,13.226285056
1637,65.182,13.2341632
1638,42.154,13.242285056
1639,42.154,13.250324992
1640,42.154,13.258093056
1641,42.154,13.266055168
1642,42.154,13.277361152
1643,42.154,13.285494016
1644,42.154,13.293767168
1645,42.154,13.301844992
1646,42.154,13.309519104
1647,42.154,13.317315072
1648,42.154,13.325112064
1649,42.154,13.3335232
1650,42.154,13.34121216
1651,42.154,13.349232128
1652,42.154,13.356899072
1653,42.154,13.364742144
1654,42.154,13.373132032
1655,42.154,13.380912128
1656,42.154,13.390020096
1657,42.154,13.398531072
1658,42.154,13.406656
1659,38.972,13.414991104
1660,38.972,13.422944
1661,38.972,13.431411968
1662,38.972,13.440120064
1663,38.972,13.448135168
1664,38.972,13.456465152
1665,38.972,13.464708096
1666,38.972,13.472568064
1667,38.972,13.48042496
1668,38.972,13.488285952
1669,38.972,13.496520192
1670,38.972,13.504196096
1671,38.972,13.512167168
1672,38.972,13.52002304
1673,38.972,13.527634176
1674,38.972,13.536011008
1675,38.972,13.543620096
1676,38.972,13.551571968
1677,38.972,13.55917312
1678,40.647,13.566979072
1679,38.972,13.575348992
1680,38.972,13.583283968
1681,38.972,13.59108096
1682,38.972,13.59956096
1683,38.972,13.608524032
1684,38.972,13.616408064
1685,38.972,13.624096
1686,38.972,13.631945984
1687,38.972,13.63965696
1688,40.442,13.648182016
1689,38.972,13.655998976
1690,38.972,13.66371712
1691,38.972,13.67140096
1692,38.972,13.679890176
1693,38.972,13.687809024
1694,38.972,13.695581184
1695,38.972,13.704233984
1696,38.972,13.711983104
1697,44.119,13.720378112
1698,38.972,13.72848512
1699,38.972,13.736283136
1700,38.972,13.744128
1701,38.972,13.75245696
1702,38.972,13.760222976
1703,38.972,13.768936192
1704,38.972,13.776642048
1705,38.972,13.784627968
1706,38.972,13.792231168
1707,38.972,13.800667136
1708,38.972,13.808488192
1709,38.972,13.816282112
1710,38.972,13.82401408
1711,38.972,13.831969024
1712,38.972,13.840150016
1713,38.972,13.848198144
1714,38.972,13.85586816
1715,38.972,13.86382208
1716,38.972,13.8735552
1717,38.972,13.885433088
1718,38.972,13.896157952
1719,38.972,13.906052096
1720,38.972,13.91421312
1721,38.972,13.9220672
1722,38.972,13.930425088
1723,38.972,13.938081024
1724,38.972,13.946475008
1725,38.972,13.956176128
1726,38.972,13.964450048
1727,38.972,13.9726592
1728,38.972,13.980579072
1729,38.972,13.988982016
1730,38.972,13.996772096
1731,38.972,14.004628992
1732,38.972,14.012844032
1733,38.972,14.02081408
1734,38.972,14.028678144
1735,38.972,14.036504064
1736,38.972,14.044275968
1737,36.263,14.05276416
1738,36.263,14.060455168
1739,36.263,14.068487168
1740,36.263,14.076061952
1741,36.263,14.083972096
1742,36.263,14.092379136
1743,36.263,14.100204032
1744,36.263,14.107998976
1745,36.263,14.11578112
1746,36.263,14.123353088
1747,36.263,14.131699968
1748,36.263,14.1394752
1749,36.263,14.147369984
1750,36.263,14.15524608
1751,36.263,14.16299904
1752,36.263,14.171122176
1753,36.263,14.17892608
1754,36.263,14.186782976
1755,36.263,14.194476032
1756,36.263,14.203934976
1757,36.263,14.211748096
1758,36.263,14.219930112
1759,36.263,14.227602176
1760,36.263,14.235424
1761,36.263,14.244099072
1762,34.660,14.251894016
1763,34.660,14.259581184
1764,36.436,14.267545088
1765,34.660,14.275677184
1766,34.660,14.283646976
1767,34.660,14.29132416
1768,34.660,14.299506176
1769,34.660,14.307204096
1770,34.660,14.315512064
1771,34.660,14.323343104
1772,34.660,14.33182208
1773,34.660,14.340360192
1774,34.660,14.348184064
1775,34.660,14.356457984
1776,34.660,14.364552192
1777,34.660,14.37329408
1778,34.660,14.381391104
1779,34.660,14.389022976
1780,34.660,14.397366016
1781,34.660,14.405112064
1782,26.870,14.412765184
1783,26.870,14.420296192
1784,26.870,14.427912192
1785,37.078,14.436214016
1786,26.870,14.44448896
1787,26.870,14.452254976
1788,26.870,14.459732992
1789,26.870,14.46759296
1790,26.870,14.475335168
1791,26.870,14.483587072
1792,26.870,14.491289088
1793,26.870,14.499218176
1794,26.870,14.506944
1795,26.870,14.515378176
1796,26.870,14.523593984
1797,26.870,14.53136512
1798,26.870,14.539055104
1799,26.870,14.546710016
1800,26.870,14.554310144
1801,26.870,14.562697984
1802,26.870,14.570899968
1803,26.870,14.578867968
1804,26.870,14.58648704
1805,26.870,14.594041088
1806,26.870,14.60269696
1807,26.870,14.61028096
1808,26.870,14.61815808
1809,26.870,14.62597504
1810,26.870,14.634249984
1811,26.870,14.641894144
1812,26.870,14.650479104
1813,26.870,14.659279104
1814,26.870,14.667138048
1815,26.870,14.67529216
1816,26.870,14.683217152
1817,26.870,14.691108096
1818,26.870,14.698996992
1819,26.870,14.7068672
1820,26.870,14.715122176
1821,26.870,14.72274816
1822,26.870,14.73062912
1823,24.253,14.738394112
1824,24.253,14.746397184
1825,24.253,14.754164992
1826,24.253,14.762604032
1827,24.253,14.7705792
1828,24.253,14.77823104
1829,24.253,14.7858432
1830,24.253,14.793562112
1831,24.253,14.80230016
1832,24.253,14.809928192
1833,24.253,14.817880064
1834,24.253,14.825562112
1835,24.253,14.833405184
1836,24.253,14.841150208
1837,24.253,14.849492992
1838,24.253,14.857337088
1839,24.253,14.865696
1840,24.253,14.87376896
1841,24.253,14.881593088
1842,26.053,14.88975616
1843,24.253,14.897595136
1844,24.253,14.90549504
1845,24.253,14.913344
1846,24.253,14.921082112
1847,24.253,14.928762112
1848,24.253,14.937000192
1849,24.253,14.944777984
1850,24.253,14.952564992
1851,24.253,14.960221184
1852,24.253,14.968093184
1853,24.253,14.976115968
1854,24.253,14.983965184
1855,24.253,14.991847168
1856,24.253,14.99968
1857,24.253,15.008189184
1858,24.253,15.016619008
1859,24.253,15.024267008
1860,24.253,15.032315136
1861,24.253,15.039965952
1862,24.253,15.047734016
1863,24.253,15.056147968
1864,24.253,15.063995136
1865,24.253,15.07188608
1866,24.253,15.079751168
1867,24.253,15.087481088
1868,24.253,15.095168
1869,24.253,15.104502016
1870,24.253,15.112861952
1871,24.253,15.121313024
1872,88.586,15.129021184
1873,24.253,15.137001984
1874,24.253,15.14528
1875,24.253,15.153227008
1876,24.253,15.16098816
1877,24.253,15.168712192
1878,24.253,15.176310016
1879,24.253,15.185199104
1880,24.253,15.192751104
1881,24.253,15.20065408
1882,24.253,15.208244992
1883,24.253,15.216227072
1884,24.253,15.22464896
1885,24.253,15.232404992
1886,24.253,15.240130048
1887,24.253,15.247922176
1888,24.253,15.256036096
1889,24.253,15.264382976
1890,24.253,15.272468992
1891,24.253,15.280337152
1892,24.253,15.2880512
1893,16.573,15.2966592
1894,16.573,15.304696064
1895,16.573,15.312504064
1896,16.573,15.320209152
1897,16.573,15.328033024
1898,16.573,15.336390144
1899,10.313,15.343947008
1900,10.313,15.35179904
1901,10.313,15.359350016
1902,10.313,15.367065088
1903,10.313,15.375222016
1904,10.313,15.382974976
1905,10.313,15.390768128
1906,10.313,15.399001088
1907,10.313,15.408514048
1908,10.313,15.417388032
1909,10.313,15.424944128
1910,10.313,15.432772096
1911,10.313,15.44032896
1912,15.678,15.44864
1913,10.313,15.456237056
1914,19.195,15.463891968
1915,12.056,15.471386112
1916,10.313,15.479613184
1917,10.313,15.487348992
1918,10.313,15.494976
1919,10.313,15.502795008
1920,4.353,15.510978048
1921,4.353,15.51924608
1922,3.942,15.527017984
1923,3.942,15.535084032
1924,3.942,15.542991104
1925,3.942,15.55076608
1926,3.942,15.558998016
1927,3.942,15.567825152
1928,3.942,15.5755392
1929,3.736,15.583572992
1930,3.736,15.591284992
1931,3.736,15.599782144
1932,3.736,15.607478016
1933,3.736,15.615281152
1934,3.736,15.623177984
1935,3.736,15.631133184
1936,3.736,15.63948416
1937,3.736,15.647527168
1938,4.584,15.65519616
1939,3.736,15.662984192
1940,3.736,15.670861056
1941,3.736,15.679268096
1942,3.736,15.68916608
1943,3.736,15.697424128
1944,3.736,15.705441024
1945,3.736,15.713364992
1946,3.736,15.72175616
1947,3.736,15.729735168
1948,3.082,15.737554176
1949,3.082,15.745266176
1950,3.082,15.753049088
1951,3.082,15.761403136
1952,3.082,15.769373952
1953,3.082,15.776994048
1954,5.020,15.784893184
1955,3.082,15.792808192
1956,3.082,15.801566976
1957,3.082,15.809529088
1958,3.082,15.817952
1959,3.082,15.82566912
1960,2.771,15.834422016
1961,2.771,15.842808064
1962,2.771,15.850942208
1963,2.771,15.858665984
1964,2.771,15.866612992
1965,2.771,15.875527168
1966,2.771,15.883376128
1967,2.771,15.891197184
1968,2.771,15.900544
1969,2.771,15.910048
1970,2.771,15.917935104
1971,5.291,15.926669056
1972,2.771,15.934689024
1973,4.780,15.942456064
1974,2.771,15.9503552
1975,2.771,15.9580032
1976,2.771,15.966017024
1977,2.771,15.975027968
1978,2.771,15.983672064
1979,2.771,15.992528128
1980,2.771,16.000345088
1981,2.771,16.008016128
1982,2.771,16.016337152
1983,2.771,16.025184
1984,2.771,16.033575168
1985,2.771,16.04138112
1986,2.771,16.049196032
1987,2.771,16.056902144
1988,2.771,16.065484032
1989,2.771,16.073231104
1990,2.771,16.08099712
1991,2.771,16.08880512
1992,2.771,16.096583168
1993,2.771,16.1048832
1994,2.771,16.112921088
1995,3.857,16.12078208
1996,2.771,16.129506048
1997,2.190,16.139407104
1998,2.190,16.147972096
1999,2.190,16.15572096
2000,2.190,16.164379136
2001,2.190,16.174733056
2002,2.190,16.183060992
2003,2.190,16.190740992
2004,3.026,16.199230976
2005,2.190,16.206816
2006,2.190,16.214505984
2007,2.190,16.222247168
2008,2.190,16.229926144
2009,2.190,16.238260992
2010,2.190,16.247788032
2011,2.190,16.25563008
2012,2.190,16.263379968
2013,2.190,16.271145984
2014,2.190,16.27962496
2015,2.190,16.287261184
2016,2.190,16.294746112
2017,2.190,16.302609152
2018,2.190,16.310244096
2019,2.190,16.318456064
2020,2.190,16.326251008
2021,2.190,16.334060032
2022,2.190,16.342043136
2023,2.190,16.349883136
2024,1.659,16.357825024
2025,1.659,16.365613056
2026,1.659,16.373370112
2027,1.659,16.381049088
2028,1.659,16.388628992
2029,1.659,16.39699712
2030,1.659,16.404712192
2031,1.659,16.412384
2032,2.102,16.420225024
2033,1.659,16.427880192
2034,0.657,16.436349184
2035,0.657,16.444176128
2036,0.657,16.452034048
2037,0.657,16.459892992
2038,0.831,16.467885056
2039,0.657,16.476155136
2040,0.657,16.4840512
2041,0.657,16.491880192
2042,0.657,16.499791104
2043,0.657,16.507980032
2044,0.657,16.515773184
2045,0.657,16.523567104
2046,0.657,16.531355136
2047,0.657,16.539129088
2048,0.819,16.547715072
2049,0.657,16.555454976
2050,0.657,16.563207168
2051,0.657,16.571059968
2052,0.121,16.579358976

Error results for GA
---------------------------
0,328.293,0.213065984
1,664.321,0.426060032
2,501.742,0.635357952
3,336.452,0.853519104
4,357.164,1.065181952
5,270.893,1.269649152
6,189.328,1.48043904
7,337.024,1.682929152
8,361.523,1.889640192
9,258.344,2.101488128
10,139.451,2.304036096
11,125.284,2.517959168
12,220.067,2.73536512
13,204.434,2.941161984
14,137.743,3.146600192
15,335.585,3.357693952
16,185.988,3.566292992
17,126.056,3.769786112
18,200.463,3.974157056
19,171.717,4.181300992
20,132.077,4.39344896
21,159.959,4.603262976
22,186.712,4.814104064
23,198.878,5.022724096
24,98.552,5.230960128
25,285.245,5.445430016
26,125.309,5.65298304
27,149.874,5.862948096
28,154.110,6.077908992
29,116.677,6.292141056
30,170.162,6.508050176
31,203.028,6.728493056
32,113.564,6.93396608
33,93.618,7.140616192
34,211.906,7.349051136
35,125.095,7.556672
36,75.481,7.774486016
37,131.935,7.979929088
38,63.351,8.18231296
39,158.784,8.399706112
40,102.860,8.609558016
41,69.046,8.825117952
42,77.284,9.037220096
43,69.724,9.241370112
44,87.157,9.445249024
45,91.930,9.650941952
46,56.789,9.856017152
47,82.748,10.059315968
48,45.284,10.263943168
49,43.104,10.474557184
50,43.104,10.687372032
51,43.104,10.897763072
52,53.428,11.104825088
53,41.396,11.313597952
54,60.302,11.513914112
55,57.785,11.718170112
56,59.061,11.924345088
57,44.735,12.135155968
58,40.125,12.345510144
59,40.232,12.551193088
60,40.125,12.761649152
61,39.225,12.975373056
62,40.311,13.181483008
63,39.225,13.377504
64,34.735,13.587038976
65,31.113,13.789757184
66,39.225,13.9953792
67,33.523,14.20490112
68,29.992,14.412387072
69,30.695,14.62853504
70,31.840,14.836870144
71,30.695,15.047239168
72,31.113,15.255745024
73,31.840,15.46511616
74,29.992,15.680724992
75,31.113,15.889261056
76,22.375,16.097836032
77,19.897,16.309238016
78,30.841,16.515090176
79,20.330,16.731704064
80,31.840,16.931087104
81,19.694,17.133666048
82,23.989,17.33530112
83,20.549,17.551358976
84,18.177,17.755485184
85,21.285,17.978132992
86,18.177,18.183140096
87,19.230,18.397652992
88,12.624,18.605437184
89,19.230,18.819628032
90,12.935,19.033587968
91,12.935,19.243299072
92,19.230,19.451984128
93,12.624,19.668038144
94,12.624,19.882667008
95,19.230,20.096192
96,13.120,20.298034176
97,12.624,20.506845952
98,13.120,20.721517056
99,12.624,20.938134016
100,12.624,21.148514048
101,9.257,21.360076032
102,9.257,21.568307968
103,12.441,21.778404096
104,6.703,21.984136192
105,12.624,22.194672128
106,6.703,22.404953088
107,10.011,22.613315072
108,5.453,22.822942976
109,6.467,23.031985152
110,6.467,23.233917952
111,9.257,23.45919104
112,6.467,23.671053056
113,6.467,23.88141696
114,4.446,24.087683072
115,6.467,24.302450176
116,6.728,24.509597952
117,6.467,24.71905408
118,4.153,24.934409984
119,4.153,25.15225216
120,4.446,25.370131968
121,4.153,25.583693056
122,6.467,25.794109952
123,5.763,26.00516096
124,4.153,26.21686016
125,4.446,26.429786112
126,4.323,26.63363712
127,2.028,26.841234944
128,4.446,27.058585088
129,4.446,27.261127168
130,4.446,27.496177152
131,4.446,27.707482112
132,4.446,27.916450048
133,3.296,28.12482816
134,4.446,28.333277952
135,1.837,28.55092608
136,1.713,28.756990976
137,4.153,28.971968
138,1.540,29.184829952
139,1.452,29.388401152
140,1.540,29.587254016
141,1.837,29.79222016
142,1.713,29.997594112
143,1.540,30.204818176
144,1.540,30.408228096
145,1.540,30.608673024
146,1.437,30.814139136
147,1.411,31.023208192
148,2.023,31.232706048
149,2.023,31.440140032
150,1.452,31.63952512
151,1.280,31.85136896
152,1.713,32.058003968
153,1.713,32.271015168
154,1.437,32.479738112
155,1.354,32.695261952
156,1.354,32.905261056
157,1.354,33.11898112
158,1.354,33.328107008
159,1.437,33.536172032
160,1.354,33.744094976
161,1.354,33.951326976
162,1.354,34.16620416
163,0.875,34.3756672
164,0.998,34.582640128
165,1.354,34.78628608
166,0.998,34.99216
167,1.437,35.196518144
168,1.437,35.404632064
169,0.875,35.610196992
170,0.998,35.82036096
171,1.354,36.025602048
172,0.998,36.226368
173,1.354,36.435503104
174,0.836,36.642554112
175,1.354,36.862603008
176,0.998,37.073089024
177,0.998,37.286841088
178,0.683,37.49632512
179,0.644,37.70235904
180,1.171,37.917446144
181,0.644,38.130201088
182,0.644,38.328615168
183,0.644,38.537524992
184,0.836,38.748123136
185,0.644,38.950420992
186,0.644,39.168611072
187,0.539,39.3736
188,0.572,39.580179968
189,0.644,39.786680064
190,0.539,39.991097088
191,0.539,40.196621056
192,0.419,40.404861952

Results for RHC: 
Correctly classified 3888.0 instances.
Incorrectly classified 0.0 instances.
Percent correctly classified: 100.000%
Training time: 14.431 seconds
Testing time: 0.011 seconds
Iterations: 1696

Results for SA: 
Correctly classified 3888.0 instances.
Incorrectly classified 0.0 instances.
Percent correctly classified: 100.000%
Training time: 16.579 seconds
Testing time: 0.011 seconds
Iterations: 2052

Results for GA: 
Correctly classified 3888.0 instances.
Incorrectly classified 0.0 instances.
Percent correctly classified: 100.000%
Training time: 40.405 seconds
Testing time: 0.012 seconds
Iterations: 192

