
Error results for RHC
---------------------------
0,662.427,0.097398016
1,662.427,0.128141056
2,662.427,0.145172992
3,662.427,0.15790208
4,662.427,0.168701952
5,662.427,0.17922304
6,662.427,0.189952
7,662.427,0.199258112
8,629.911,0.214237184
9,629.911,0.22397312
10,632.297,0.23316608
11,629.911,0.242438144
12,629.911,0.251732992
13,629.911,0.261025024
14,629.911,0.27062016
15,629.911,0.280018176
16,594.632,0.289793024
17,594.632,0.300542976
18,594.632,0.31010304
19,594.632,0.319373056
20,594.632,0.32900096
21,594.632,0.338415104
22,594.632,0.347567104
23,594.632,0.356715008
24,594.632,0.36589696
25,594.632,0.37521408
26,594.632,0.385785088
27,594.632,0.395469056
28,594.632,0.406344192
29,594.632,0.416519168
30,586.148,0.425764096
31,586.148,0.435085056
32,586.148,0.446703104
33,586.148,0.45670016
34,586.148,0.466003968
35,586.148,0.476571136
36,586.148,0.48585216
37,586.148,0.495216128
38,586.148,0.504627968
39,586.148,0.513577984
40,586.148,0.523043072
41,586.148,0.532011008
42,586.148,0.541261056
43,586.148,0.550278144
44,586.148,0.562232064
45,586.148,0.57154816
46,586.148,0.582326016
47,586.148,0.591800064
48,586.148,0.601347072
49,608.441,0.610663168
50,591.291,0.620198144
51,586.148,0.630450176
52,586.148,0.639963136
53,586.148,0.653091072
54,586.148,0.666779136
55,586.148,0.67626112
56,586.148,0.68557696
57,586.148,0.695015168
58,586.148,0.704391168
59,586.148,0.713805056
60,586.148,0.723099136
61,542.024,0.73231104
62,542.024,0.741501952
63,542.024,0.750904064
64,575.492,0.762740992
65,542.024,0.772843008
66,542.024,0.781976064
67,583.716,0.791313152
68,497.771,0.800882176
69,497.771,0.810988032
70,497.771,0.820546048
71,497.771,0.83028608
72,497.771,0.839485184
73,497.771,0.848688128
74,497.771,0.85807616
75,497.771,0.867910144
76,497.771,0.877138944
77,497.771,0.88641408
78,497.771,0.89565696
79,497.771,0.906763008
80,497.771,0.916817152
81,497.771,0.926010112
82,497.771,0.9352
83,497.771,0.944450048
84,497.771,0.954312192
85,497.771,0.963660032
86,497.771,0.973839104
87,497.771,0.983002112
88,497.771,0.992359168
89,497.771,1.001415168
90,497.771,1.012861952
91,497.771,1.022550016
92,497.771,1.031654144
93,497.771,1.040998144
94,497.771,1.05083008
95,497.771,1.061266944
96,497.771,1.070480128
97,497.771,1.080203008
98,497.771,1.090344192
99,497.771,1.099492096
100,497.771,1.10894208
101,497.771,1.11809408
102,582.322,1.127462144
103,497.771,1.13741312
104,497.771,1.146507008
105,497.771,1.156030976
106,497.771,1.165009152
107,497.771,1.17447808
108,497.771,1.183693056
109,497.771,1.192868096
110,497.771,1.202104064
111,497.771,1.211279104
112,497.771,1.221121024
113,497.771,1.230433024
114,497.771,1.24043008
115,497.771,1.249789184
116,497.771,1.259138048
117,497.771,1.268414976
118,497.771,1.278932992
119,497.771,1.290298112
120,497.771,1.3002112
121,497.771,1.310060032
122,497.771,1.319364096
123,497.771,1.328593152
124,497.771,1.337939968
125,497.771,1.347252992
126,533.236,1.35755904
127,497.771,1.366738176
128,497.771,1.376166144
129,497.771,1.385305088
130,497.771,1.396704
131,497.771,1.406320128
132,497.771,1.416171008
133,497.771,1.427939072
134,497.771,1.437318144
135,497.771,1.446575104
136,497.771,1.456877056
137,497.771,1.4659712
138,497.771,1.475847168
139,497.771,1.485312
140,497.771,1.494651136
141,497.771,1.504342016
142,497.771,1.514344192
143,497.771,1.525537024
144,497.771,1.53559808
145,497.771,1.544987136
146,497.771,1.556451072
147,497.771,1.567037952
148,497.771,1.576273152
149,497.771,1.585700096
150,497.771,1.59493504
151,497.771,1.604204032
152,497.771,1.613423104
153,522.589,1.622788096
154,497.771,1.6319872
155,466.286,1.641867008
156,466.286,1.651161088
157,466.286,1.66042112
158,466.286,1.669635072
159,466.286,1.678816
160,466.286,1.688158976
161,466.286,1.697346048
162,466.286,1.706799104
163,466.286,1.716384
164,466.286,1.725933056
165,466.286,1.735202048
166,466.286,1.744337152
167,466.286,1.753772032
168,466.286,1.762886144
169,466.286,1.77222912
170,466.286,1.781558016
171,466.286,1.791307008
172,466.286,1.800716032
173,466.286,1.809915136
174,466.286,1.819143168
175,466.286,1.828399104
176,466.286,1.837594112
177,466.286,1.84680704
178,466.286,1.856164096
179,466.286,1.86599808
180,466.286,1.8753792
181,466.286,1.884481024
182,466.286,1.894198016
183,466.286,1.903472128
184,466.514,1.912687104
185,466.286,1.922137088
186,466.286,1.931802112
187,466.286,1.941331968
188,466.286,1.95051008
189,466.286,1.959744
190,466.286,1.96903296
191,466.286,1.980007168
192,466.286,1.989313024
193,466.286,1.998607104
194,466.286,2.008560128
195,466.286,2.017746944
196,524.084,2.027119104
197,466.286,2.036386048
198,634.428,2.045708032
199,466.286,2.055171072
200,466.286,2.064236032
201,466.286,2.074179072
202,466.286,2.083453184
203,466.286,2.092783104
204,466.286,2.102183168
205,466.286,2.11143808
206,466.286,2.120776192
207,431.627,2.130374144
208,431.627,2.139640064
209,431.627,2.149526016
210,431.627,2.159148032
211,431.627,2.168195072
212,431.627,2.177403136
213,431.627,2.186482176
214,431.627,2.195622144
215,431.627,2.204867072
216,431.627,2.214526976
217,431.627,2.22385408
218,431.627,2.232867072
219,431.627,2.244404992
220,431.627,2.254089984
221,431.627,2.263313152
222,431.627,2.273250048
223,431.627,2.283137024
224,431.627,2.295521024
225,431.627,2.305491968
226,431.627,2.314729984
227,431.627,2.3240832
228,431.627,2.33338112
229,431.627,2.34322816
230,431.627,2.352643072
231,431.627,2.361836032
232,431.627,2.370927104
233,431.627,2.38011904
234,431.627,2.389201152
235,431.627,2.398369024
236,431.627,2.408281088
237,431.627,2.417424128
238,431.627,2.427421184
239,431.627,2.436913152
240,431.627,2.44629504
241,431.627,2.45624704
242,431.627,2.465705984
243,431.627,2.476036096
244,431.627,2.486827008
245,431.627,2.496251136
246,431.627,2.506401024
247,431.627,2.515805952
248,431.627,2.525284096
249,431.627,2.535389184
250,431.627,2.544986112
251,306.309,2.55443712
252,301.531,2.563665152
253,301.531,2.573177088
254,301.531,2.582526976
255,301.531,2.59242496
256,301.531,2.602266112
257,301.531,2.611651072
258,301.531,2.620882944
259,301.531,2.630131968
260,301.531,2.639308032
261,301.531,2.649452032
262,301.531,2.661467136
263,301.531,2.670946048
264,301.531,2.680256
265,301.531,2.689875968
266,301.531,2.69918208
267,289.857,2.70846208
268,289.857,2.718668032
269,289.857,2.728115968
270,289.857,2.737374976
271,289.857,2.746707968
272,289.857,2.756091136
273,289.857,2.765284096
274,289.857,2.775979008
275,294.194,2.785533184
276,289.857,2.794769152
277,289.857,2.807815168
278,289.857,2.817416192
279,289.857,2.82691712
280,289.857,2.836742144
281,289.857,2.84631808
282,289.857,2.855869952
283,289.857,2.865138176
284,289.857,2.874476032
285,289.857,2.883552
286,289.857,2.893519104
287,289.857,2.902767104
288,289.857,2.911945984
289,289.857,2.924926976
290,289.857,2.934610944
291,331.385,2.94459904
292,289.857,2.955009024
293,289.857,2.964153088
294,289.857,2.973641984
295,289.857,2.982803968
296,289.857,2.992209152
297,289.857,3.00142208
298,289.857,3.011080192
299,289.857,3.020573184
300,289.857,3.029856
301,289.857,3.038974976
302,289.857,3.048152064
303,289.857,3.057323008
304,289.857,3.067056128
305,289.857,3.077476096
306,289.857,3.086845952
307,289.857,3.096175104
308,289.857,3.107323136
309,289.857,3.118315008
310,289.857,3.128118016
311,289.857,3.13738112
312,289.857,3.146696192
313,289.857,3.156221184
314,289.857,3.16557312
315,289.857,3.175592192
316,289.857,3.184845056
317,291.690,3.19424512
318,289.857,3.20384
319,289.857,3.213618176
320,289.857,3.223089152
321,289.857,3.232888064
322,289.857,3.242249984
323,289.857,3.251518976
324,289.857,3.260847104
325,289.857,3.270127104
326,289.857,3.279453184
327,289.857,3.289261056
328,286.641,3.298557184
329,286.641,3.307908096
330,286.641,3.316954112
331,286.641,3.326449152
332,286.641,3.33488896
333,286.641,3.342737152
334,286.641,3.350402048
335,286.641,3.35835008
336,286.641,3.366092032
337,320.637,3.376388096
338,207.096,3.3849472
339,207.096,3.39275008
340,207.096,3.400464128
341,207.096,3.408291072
342,207.096,3.41588608
343,207.096,3.424546048
344,207.096,3.432345088
345,207.096,3.440227072
346,207.096,3.448167168
347,207.096,3.456008192
348,207.096,3.464502016
349,207.096,3.472376064
350,207.096,3.479960064
351,207.096,3.48791296
352,207.096,3.495670016
353,207.096,3.504534016
354,341.452,3.512452096
355,181.016,3.520178176
356,181.016,3.527843072
357,181.016,3.535558144
358,181.016,3.543824128
359,181.016,3.551672064
360,181.016,3.559741184
361,181.016,3.567401984
362,181.016,3.57537408
363,181.016,3.582969088
364,181.016,3.591337984
365,181.016,3.602375168
366,177.476,3.611001088
367,177.476,3.618848
368,177.476,3.626509056
369,177.476,3.634651136
370,177.476,3.64255104
371,177.476,3.650540032
372,177.476,3.658445056
373,177.476,3.666732032
374,177.476,3.674686976
375,177.476,3.682443008
376,177.476,3.690279168
377,177.476,3.698045952
378,177.476,3.70657408
379,177.476,3.714481152
380,177.476,3.722317056
381,177.476,3.73015296
382,177.476,3.738129152
383,177.476,3.746153984
384,177.476,3.753842176
385,177.476,3.761565952
386,177.476,3.769864192
387,177.476,3.7775232
388,177.476,3.785810176
389,177.476,3.793501952
390,177.476,3.804838144
391,177.476,3.813146112
392,177.476,3.821497088
393,177.476,3.82914816
394,177.476,3.837046016
395,177.476,3.844638976
396,177.476,3.852263168
397,177.476,3.86064896
398,177.476,3.868516096
399,177.476,3.876400128
400,177.476,3.884108032
401,177.476,3.892431104
402,177.476,3.90032512
403,177.476,3.90811008
404,177.476,3.915636992
405,177.476,3.923428096
406,177.476,3.93156096
407,177.476,3.939378176
408,177.476,3.94714496
409,177.476,3.95498112
410,177.476,3.96322304
411,177.476,3.97165312
412,177.476,3.980050176
413,177.476,3.988035072
414,168.840,3.996169984
415,168.840,4.00391296
416,168.840,4.011779072
417,168.840,4.019528192
418,168.840,4.027116032
419,168.840,4.035450112
420,167.265,4.043165952
421,167.265,4.050845184
422,167.265,4.05883008
423,167.265,4.066498048
424,167.265,4.075773952
425,167.265,4.083696128
426,167.265,4.091507968
427,167.265,4.099084032
428,167.265,4.106761984
429,167.265,4.11630208
430,167.265,4.125056
431,167.265,4.132943104
432,167.265,4.140827136
433,167.265,4.148440064
434,167.265,4.156467968
435,167.265,4.164007168
436,167.265,4.172274176
437,167.265,4.180359168
438,170.898,4.18813312
439,167.265,4.195785984
440,167.265,4.20339712
441,167.265,4.211046144
442,167.265,4.218733056
443,167.265,4.227154176
444,167.265,4.23478912
445,167.265,4.242472192
446,167.265,4.250159104
447,167.265,4.25792512
448,167.265,4.265538048
449,167.265,4.273882112
450,167.265,4.281474048
451,167.265,4.289291008
452,167.265,4.296841984
453,167.265,4.304620032
454,167.265,4.312274176
455,167.265,4.320552192
456,167.265,4.328256
457,167.265,4.336103168
458,167.265,4.344246016
459,167.265,4.352038144
460,167.265,4.360530176
461,167.265,4.368731136
462,167.265,4.376562176
463,167.265,4.38426496
464,167.265,4.392094976
465,139.228,4.399965952
466,139.228,4.408378112
467,139.228,4.416205056
468,139.228,4.424199168
469,139.228,4.43183104
470,139.228,4.439660032
471,139.228,4.447371008
472,139.228,4.455734016
473,139.228,4.463955968
474,139.228,4.471870976
475,139.228,4.479569152
476,139.228,4.48791296
477,139.228,4.495890944
478,139.228,4.504470016
479,139.228,4.512487168
480,139.228,4.520294144
481,139.228,4.528140032
482,139.228,4.535867136
483,139.228,4.544123136
484,139.228,4.55186304
485,139.228,4.559742976
486,139.228,4.567542016
487,139.228,4.575307008
488,139.228,4.582924032
489,139.228,4.59138304
490,139.228,4.599003136
491,139.228,4.607107072
492,139.228,4.615997952
493,139.228,4.623906048
494,139.228,4.632305152
495,139.228,4.640123136
496,139.228,4.647837184
497,139.228,4.655718144
498,139.228,4.66360704
499,139.228,4.672033024
500,139.228,4.6803072
501,139.228,4.688052992
502,139.228,4.695943168
503,139.228,4.703591168
504,139.228,4.711181056
505,139.228,4.719550976
506,139.228,4.727250944
507,139.228,4.734799104
508,139.228,4.744691968
509,139.228,4.754531072
510,139.228,4.762916096
511,139.228,4.771496192
512,139.228,4.779272192
513,139.228,4.78852608
514,139.228,4.797416192
515,139.228,4.806991104
516,139.228,4.815962112
517,139.228,4.823983104
518,139.228,4.831660032
519,139.228,4.839385088
520,156.949,4.847134976
521,139.228,4.855752192
522,139.228,4.86355712
523,139.228,4.871770112
524,139.228,4.879467008
525,139.228,4.887329024
526,139.228,4.89622912
527,139.228,4.90419712
528,139.228,4.912035072
529,139.228,4.919809024
530,139.228,4.927595008
531,139.228,4.936007168
532,139.228,4.943724032
533,139.228,4.955336192
534,139.228,4.963748096
535,139.228,4.971517184
536,139.228,4.979874048
537,139.228,4.989826048
538,139.228,4.999208192
539,139.228,5.007147008
540,139.228,5.015723008
541,139.228,5.023579136
542,139.228,5.031249152
543,139.228,5.039267072
544,139.228,5.046904064
545,123.096,5.055336192
546,123.096,5.063134976
547,123.096,5.070828032
548,123.096,5.078507008
549,123.096,5.086224128
550,123.096,5.094529024
551,123.096,5.102334976
552,123.096,5.110083072
553,123.096,5.117686016
554,123.096,5.125693952
555,123.096,5.133865984
556,123.096,5.141907968
557,81.668,5.149639168
558,99.119,5.159677184
559,81.668,5.1688832
560,81.668,5.176600064
561,81.668,5.184205056
562,81.668,5.191862016
563,81.668,5.19975808
564,81.668,5.208073984
565,81.668,5.215762944
566,81.668,5.223952128
567,81.668,5.231677184
568,81.668,5.241044992
569,81.668,5.248724992
570,81.668,5.256410112
571,81.668,5.264032
572,81.668,5.271751168
573,73.659,5.279853056
574,73.659,5.287852032
575,73.659,5.295568128
576,73.659,5.303277056
577,73.659,5.311122176
578,73.659,5.31882112
579,73.659,5.327143168
580,73.659,5.33494016
581,73.659,5.342896128
582,73.659,5.35069312
583,73.659,5.358539008
584,73.659,5.366640128
585,73.659,5.37458304
586,73.659,5.382209024
587,73.659,5.390031104
588,73.659,5.397769984
589,73.659,5.406280192
590,73.659,5.413987072
591,73.659,5.421746176
592,73.659,5.429338112
593,58.251,5.436996096
594,101.923,5.445289984
595,58.251,5.453065984
596,58.251,5.460808192
597,217.434,5.468605184
598,58.251,5.476603136
599,58.251,5.48480896
600,58.251,5.492681984
601,58.251,5.500449024
602,58.251,5.508200192
603,58.251,5.515794176
604,58.251,5.526209024
605,58.251,5.534275072
606,58.251,5.542033152
607,58.251,5.549992192
608,58.251,5.557914112
609,58.251,5.565705984
610,58.251,5.574476032
611,58.251,5.582134016
612,58.251,5.590060032
613,58.251,5.597750016
614,58.251,5.605496064
615,58.251,5.613704192
616,58.251,5.62207104
617,58.251,5.629969152
618,52.807,5.63981312
619,52.807,5.649229056
620,45.283,5.657058048
621,45.283,5.665149184
622,45.283,5.673067008
623,45.283,5.680716032
624,45.283,5.68876416
625,45.283,5.697456128
626,45.283,5.705345024
627,45.283,5.713502976
628,45.283,5.721328128
629,45.283,5.729202176
630,45.283,5.737603072
631,45.283,5.745740032
632,45.283,5.753553152
633,45.283,5.761835008
634,45.283,5.769796096
635,45.283,5.777481984
636,45.283,5.78508416
637,45.283,5.792989184
638,45.283,5.801190144
639,45.283,5.808920064
640,45.283,5.816957952
641,45.283,5.825993984
642,45.283,5.83583616
643,45.283,5.843595008
644,45.283,5.85199104
645,45.283,5.86011008
646,45.283,5.867742976
647,45.283,5.875587072
648,45.283,5.883299072
649,45.283,5.891817984
650,45.283,5.899489024
651,45.283,5.907293952
652,45.283,5.915346176
653,45.283,5.923122176
654,45.283,5.931347968
655,53.592,5.939454976
656,45.283,5.947591168
657,45.283,5.955661056
658,45.283,5.96343296
659,45.283,5.971330048
660,45.283,5.979864064
661,45.283,5.987763968
662,45.283,5.995645952
663,45.283,6.003581184
664,34.629,6.011803136
665,34.629,6.020841984
666,34.629,6.028755968
667,34.629,6.036649984
668,34.629,6.044459008
669,34.629,6.05218304
670,34.629,6.060660992
671,34.629,6.068388096
672,34.629,6.076979968
673,34.629,6.08590208
674,34.629,6.093793024
675,34.629,6.102134016
676,34.629,6.109745152
677,34.629,6.117458176
678,34.629,6.125292032
679,34.629,6.132870144
680,34.629,6.141388032
681,34.629,6.149174016
682,34.629,6.15707904
683,34.629,6.164976128
684,34.629,6.173447168
685,34.629,6.182193152
686,34.629,6.190041088
687,34.629,6.197716992
688,34.629,6.20577408
689,34.629,6.21344512
690,34.629,6.222064128
691,34.629,6.229953024
692,34.629,6.23772416
693,34.629,6.245524992
694,30.246,6.253233152
695,30.246,6.261784064
696,30.246,6.26957696
697,30.246,6.277351168
698,30.246,6.285042176
699,30.246,6.293401088
700,30.246,6.301065984
701,30.246,6.309005056
702,30.246,6.316683008
703,30.246,6.324470016
704,30.246,6.33295616
705,30.246,6.340812032
706,30.246,6.348332032
707,30.246,6.356308992
708,30.246,6.364089088
709,30.246,6.372539136
710,30.246,6.38035712
711,30.246,6.388137984
712,30.246,6.395843072
713,30.246,6.404144128
714,30.246,6.411682048
715,30.246,6.419565056
716,30.246,6.428339968
717,30.246,6.439641088
718,30.246,6.448451072
719,30.246,6.456634112
720,30.246,6.464963072
721,30.246,6.473174016
722,30.246,6.48093696
723,30.246,6.488806144
724,30.246,6.497094144
725,30.246,6.504998144
726,30.246,6.512922112
727,30.246,6.52068096
728,30.246,6.528451072
729,30.246,6.536883968
730,30.246,6.544523008
731,30.246,6.552146176
732,30.246,6.559984128
733,30.246,6.567687168
734,30.246,6.576231168
735,30.246,6.584026112
736,30.246,6.59212416
737,30.246,6.599901952
738,30.246,6.607825152
739,30.246,6.616107008
740,30.246,6.6243072
741,30.246,6.635195136
742,30.246,6.644328192
743,30.246,6.652113152
744,30.246,6.660487168
745,30.246,6.668300032
746,30.246,6.677069056
747,30.246,6.68468096
748,30.246,6.692551168
749,30.246,6.700626176
750,34.707,6.708411136
751,30.246,6.716096
752,30.246,6.723976192
753,30.246,6.731971072
754,42.353,6.740262144
755,30.246,6.747828992
756,30.246,6.755725056
757,30.246,6.76342016
758,30.246,6.771140096
759,30.246,6.779602944
760,30.246,6.787418112
761,30.246,6.795216128
762,30.246,6.803309056
763,30.246,6.812242944
764,30.246,6.820694016
765,30.246,6.828344064
766,172.506,6.836551168
767,31.624,6.84765312
768,30.246,6.855819008
769,30.246,6.863976192
770,30.246,6.8718592
771,30.246,6.884761088
772,30.246,6.894504192
773,64.831,6.905510144
774,30.246,6.913409024
775,30.246,6.921917184
776,30.246,6.931737088
777,30.246,6.939858176
778,30.246,6.948399104
779,30.246,6.956240128
780,30.246,6.963988992
781,25.265,6.971993088
782,25.265,6.980285184
783,25.265,6.988301056
784,25.265,6.996079104
785,25.265,7.003792128
786,25.265,7.01494912
787,25.265,7.023279104
788,25.265,7.031473152
789,25.265,7.039227136
790,25.265,7.047078144
791,25.265,7.054923008
792,25.265,7.06260096
793,25.265,7.071038976
794,25.265,7.078802944
795,25.265,7.086756096
796,25.265,7.09453312
797,24.997,7.102196992
798,24.997,7.110706176
799,24.997,7.11839616
800,24.997,7.126168064
801,24.997,7.133848064
802,24.997,7.141537024
803,24.997,7.15251712
804,24.997,7.161484032
805,24.997,7.169318144
806,24.997,7.17716096
807,24.997,7.188487168
808,24.997,7.196808192
809,24.997,7.205332992
810,24.997,7.213112064
811,24.997,7.221027072
812,24.997,7.231720192
813,24.997,7.23977216
814,24.997,7.248327168
815,24.997,7.25635712
816,24.997,7.26411008
817,24.997,7.271979008
818,24.997,7.279730176
819,17.898,7.288081152
820,17.911,7.295879168
821,17.898,7.30374912
822,17.898,7.311960064
823,17.898,7.319783168
824,17.898,7.328134144
825,17.898,7.33590016
826,17.898,7.344358144
827,17.898,7.353115136
828,17.898,7.362610176
829,17.898,7.370337024
830,17.898,7.378189056
831,17.898,7.385917184
832,17.077,7.393639168
833,17.077,7.401992192
834,17.077,7.409730048
835,17.077,7.417410048
836,17.077,7.425277184
837,17.077,7.432882176
838,17.077,7.441336064
839,18.052,7.449068032
840,17.077,7.457747968
841,17.077,7.465652992
842,17.077,7.473488128
843,17.077,7.482586112
844,17.077,7.490609152
845,17.077,7.501033984
846,17.077,7.509218048
847,17.077,7.517556992
848,17.077,7.525298176
849,20.060,7.532943104
850,17.077,7.540798976
851,17.077,7.548506112
852,17.077,7.557112064
853,17.077,7.564803072
854,17.077,7.572525056
855,17.077,7.580267008
856,17.077,7.588676096
857,17.077,7.596333056
858,17.077,7.604385024
859,17.077,7.612762112
860,17.077,7.620614144
861,17.077,7.628833024
862,17.077,7.636530176
863,17.077,7.644431104
864,17.077,7.652359168
865,17.077,7.660125952
866,17.077,7.667885056
867,17.077,7.676198144
868,17.077,7.68399104
869,19.303,7.69186816
870,17.077,7.699547136
871,17.077,7.707330048
872,17.077,7.715635968
873,17.077,7.723532032
874,17.077,7.731442176
875,17.077,7.739300096
876,17.077,7.746994176
877,17.077,7.755537152
878,17.077,7.76315008
879,17.077,7.77074304
880,17.077,7.778584064
881,17.077,7.786322944
882,17.077,7.794653184
883,17.077,7.80248704
884,17.077,7.810272
885,17.357,7.817892096
886,17.077,7.825857024
887,17.077,7.834115072
888,17.077,7.84211712
889,12.481,7.84992
890,12.481,7.857836032
891,12.481,7.865708032
892,12.481,7.874105088
893,12.481,7.882013952
894,12.481,7.890184192
895,12.481,7.897888
896,12.481,7.905865984
897,12.481,7.91410816
898,12.481,7.921958144
899,12.481,7.92967808
900,12.481,7.938417152
901,12.481,7.947782144
902,12.481,7.95613312
903,12.481,7.965670144
904,28.809,7.973590016
905,12.481,7.981339136
906,12.481,7.98962304
907,12.481,7.997329152
908,14.345,8.00526208
909,12.481,8.012807168
910,12.481,8.020422144
911,12.481,8.030996992
912,12.481,8.038866176
913,12.481,8.046475008
914,12.481,8.054225152
915,10.223,8.062068992
916,10.223,8.070352128
917,10.223,8.078002176
918,10.223,8.085730048
919,10.223,8.093613056
920,10.223,8.102387968
921,10.223,8.110302976
922,10.223,8.12147712
923,10.223,8.13000704
924,10.223,8.137913088
925,10.223,8.145579008
926,10.223,8.153603072
927,10.223,8.16142208
928,10.223,8.169680128
929,10.223,8.177926144
930,10.223,8.185672192
931,10.223,8.19339008
932,10.223,8.20098304
933,10.223,8.208774144
934,10.223,8.216307968
935,10.223,8.224658944
936,10.223,8.232327168
937,10.223,8.241211136
938,10.223,8.249072128
939,11.570,8.256894976
940,10.223,8.264669184
941,10.223,8.272560128
942,10.223,8.280697088
943,10.223,8.288577024
944,10.223,8.296427008
945,10.223,8.304129024
946,10.223,8.311926016
947,10.223,8.320715008
948,10.223,8.329149952
949,10.223,8.336982016
950,10.223,8.34480512
951,10.223,8.352612096
952,10.223,8.360530944
953,10.223,8.3684992
954,10.223,8.37709696
955,10.223,8.384761088
956,10.362,8.392755968
957,10.223,8.400574976
958,9.684,8.408414976
959,9.684,8.416176128
960,9.684,8.424029952
961,9.684,8.432139008
962,9.684,8.440136192
963,9.684,8.447832064
964,9.684,8.455606016
965,9.684,8.46345216
966,9.684,8.471320064
967,9.684,8.47974912
968,9.684,8.487728128
969,9.684,8.495603968
970,9.684,8.507337984
971,9.684,8.515940096
972,9.684,8.523977984
973,4.153,8.532246016
974,4.153,8.540072192
975,4.153,8.54771712
976,4.153,8.555604992
977,4.153,8.563325952
978,4.153,8.571136
979,4.153,8.579517952
980,4.153,8.587332096
981,4.153,8.594946048
982,4.153,8.602685952
983,4.153,8.613110016
984,4.153,8.621018112
985,4.153,8.629224192
986,4.153,8.637104128
987,4.153,8.644893184
988,4.153,8.652580096
989,4.153,8.662598144
990,4.153,8.671113984
991,4.153,8.679753984
992,4.153,8.687611136
993,4.153,8.695331072
994,4.153,8.70303616
995,4.153,8.713149184
996,4.153,8.721012992
997,4.153,8.729228032
998,4.153,8.737031168
999,4.153,8.747156992
1000,4.153,8.75509504
1001,4.153,8.762688
1002,4.153,8.771428096
1003,4.153,8.78166912
1004,4.202,8.79036416
1005,4.226,8.797968128
1006,4.153,8.80607104
1007,4.153,8.815298048
1008,4.153,8.823979008
1009,4.153,8.831645952
1010,4.153,8.839581952
1011,4.153,8.847336192
1012,4.153,8.856179968
1013,4.153,8.865529088
1014,4.153,8.873754112
1015,4.153,8.881682176
1016,4.153,8.889521152
1017,8.420,8.897320192
1018,4.153,8.906074112
1019,4.153,8.916393984
1020,4.153,8.924442112
1021,4.153,8.932303104
1022,4.153,8.940267008
1023,4.153,8.948642048
1024,4.153,8.956811008
1025,4.153,8.965067008
1026,4.153,8.972903168
1027,4.153,8.980617984
1028,4.153,8.988318976
1029,4.153,8.995951104
1030,4.153,9.00536704
1031,4.153,9.016324096
1032,10.085,9.024743168
1033,4.153,9.032573184
1034,4.153,9.040427008
1035,4.153,9.048080128
1036,4.153,9.056492032
1037,4.153,9.064450048
1038,4.153,9.072404992
1039,4.153,9.080082176
1040,4.153,9.088040192
1041,4.153,9.09645696
1042,4.153,9.104216064
1043,4.153,9.11204608
1044,4.153,9.119830016
1045,4.147,9.127731968
1046,4.147,9.13612416
1047,4.147,9.14397696
1048,4.147,9.151564032
1049,4.147,9.159674112
1050,4.147,9.16737408
1051,4.147,9.175794176
1052,4.147,9.183656192
1053,4.147,9.19148416
1054,4.147,9.19915008
1055,4.147,9.210772992
1056,4.147,9.219427072
1057,4.147,9.227113984
1058,4.147,9.234920192
1059,4.147,9.242694144
1060,4.147,9.250333184
1061,4.147,9.259206144
1062,4.147,9.26685312
1063,4.147,9.274854144
1064,4.147,9.284367104
1065,4.147,9.292306176
1066,4.147,9.300470016
1067,4.147,9.308281088
1068,4.147,9.316173056
1069,4.147,9.323986944
1070,4.147,9.331569152
1071,4.147,9.34084096
1072,4.147,9.348688128
1073,4.147,9.357726976
1074,4.147,9.366541056
1075,4.147,9.374420992
1076,4.147,9.383084032
1077,4.147,9.391049984
1078,4.147,9.398848
1079,4.147,9.406995968
1080,4.147,9.415371008
1081,4.147,9.423151104
1082,4.147,9.430804992
1083,4.147,9.438738176
1084,4.147,9.446380032
1085,4.147,9.454818048
1086,4.147,9.462488064
1087,4.147,9.470162176
1088,4.147,9.47801216
1089,4.147,9.485821184
1090,4.147,9.494093056
1091,4.147,9.501782016
1092,4.147,9.509585152
1093,4.147,9.517168128
1094,4.147,9.526432
1095,4.147,9.534023168
1096,4.147,9.541842944
1097,4.147,9.549470976
1098,4.147,9.557767168
1099,5.194,9.56570112
1100,4.147,9.57367296
1101,4.147,9.581309952
1102,4.147,9.589210112
1103,4.147,9.597510144
1104,4.147,9.60532096
1105,4.147,9.613664
1106,4.147,9.623899136
1107,4.147,9.632129024
1108,4.147,9.639825152
1109,4.147,9.64756096
1110,4.147,9.655293952
1111,4.147,9.663500032
1112,4.147,9.671401984
1113,4.147,9.67901696
1114,4.147,9.686801152
1115,7.936,9.69453312
1116,4.147,9.702115072
1117,4.147,9.710513152
1118,4.147,9.718349056
1119,4.147,9.726141952
1120,4.147,9.733851136
1121,4.147,9.741698048
1122,4.147,9.749766144
1123,15.260,9.75773696
1124,4.147,9.765278976
1125,4.147,9.772914176
1126,4.147,9.780591104
1127,4.147,9.788985088
1128,4.147,9.796646144
1129,4.147,9.804745984
1130,4.147,9.812519168
1131,4.147,9.82037504
1132,4.147,9.828850176
1133,4.147,9.83677696
1134,4.147,9.84561408
1135,6.141,9.853842944
1136,4.147,9.861888
1137,4.147,9.870589952
1138,4.147,9.878494976
1139,4.147,9.889990144
1140,4.147,9.897880064
1141,4.147,9.907387136
1142,4.147,9.916548096
1143,4.147,9.925579008
1144,4.147,9.934153984
1145,4.147,9.941959168
1146,4.147,9.950308096
1147,4.147,9.958178048
1148,4.147,9.96591104
1149,4.147,9.973773056
1150,4.077,9.981408
1151,4.077,9.989935104
1152,4.077,9.997662976
1153,4.077,10.005387008
1154,4.077,10.013117952
1155,4.077,10.020980992
1156,5.733,10.028922112
1157,4.077,10.036737024
1158,4.077,10.044441088
1159,4.077,10.05204096
1160,4.077,10.060363008
1161,4.077,10.067976192
1162,4.077,10.075806976
1163,7.574,10.083505152
1164,4.077,10.09135104
1165,4.077,10.10224512
1166,4.077,10.112721152
1167,4.077,10.121051136
1168,4.181,10.128898048
1169,4.077,10.137100032
1170,4.077,10.144669952
1171,4.077,10.15279616
1172,4.077,10.161345024
1173,4.077,10.169572096
1174,3.994,10.177377024
1175,3.994,10.184897024
1176,3.994,10.192843008
1177,3.994,10.200521984
1178,3.994,10.20825216
1179,3.994,10.216576
1180,3.994,10.22445696
1181,3.994,10.23207296
1182,3.994,10.240025088
1183,3.994,10.247582976
1184,3.994,10.255794176
1185,3.994,10.263549952
1186,3.994,10.271252992
1187,3.994,10.278915072
1188,3.994,10.286621952
1189,3.994,10.295075072
1190,3.994,10.30290304
1191,3.994,10.311110144
1192,3.994,10.318832128
1193,3.994,10.326820096
1194,3.994,10.33502208
1195,3.994,10.342808064
1196,3.994,10.35051008
1197,3.994,10.35819904
1198,3.994,10.365779968
1199,3.994,10.374205184
1200,3.994,10.381918976
1201,3.994,10.389868032
1202,3.994,10.397714176
1203,3.994,10.405568
1204,3.994,10.41485696
1205,3.994,10.422673152
1206,3.994,10.43039104
1207,3.994,10.438808064
1208,3.994,10.446881024
1209,3.994,10.455244032
1210,3.994,10.463183104
1211,3.994,10.470883072
1212,3.994,10.478653952
1213,3.994,10.486336
1214,3.994,10.495261952
1215,3.994,10.50313216
1216,3.994,10.51074816
1217,3.994,10.518548992
1218,3.994,10.526909952
1219,3.994,10.534942976
1220,3.994,10.544867072
1221,3.994,10.552902144
1222,3.994,10.560637952
1223,3.994,10.568884992
1224,3.994,10.57689216
1225,3.994,10.584545024
1226,3.994,10.592413952
1227,3.994,10.600173056
1228,3.994,10.608530176
1229,3.994,10.616285952
1230,3.994,10.62558208
1231,3.994,10.634682112
1232,3.994,10.64292096
1233,3.994,10.650715136
1234,3.994,10.658522112
1235,3.994,10.666100992
1236,3.994,10.6744
1237,3.994,10.682087168
1238,3.994,10.689827072
1239,3.994,10.697590016
1240,3.994,10.706957056
1241,3.994,10.717042176
1242,3.994,10.725091072
1243,3.994,10.732886016
1244,4.831,10.740620032
1245,3.994,10.748798976
1246,3.994,10.756726016
1247,3.994,10.76448896
1248,3.994,10.772941056
1249,3.994,10.781139968
1250,3.994,10.788913152
1251,3.994,10.796876032
1252,3.994,10.804722176
1253,3.994,10.812337152
1254,3.994,10.820716032
1255,3.994,10.830745088
1256,3.994,10.839289088
1257,3.994,10.846947072
1258,3.994,10.855352064
1259,3.994,10.862961152
1260,3.994,10.870654976
1261,3.994,10.878600192
1262,3.994,10.886899968
1263,3.994,10.894887168
1264,3.994,10.902708992
1265,3.994,10.91042304
1266,3.335,10.918192128
1267,3.335,10.926686976
1268,3.335,10.934294016
1269,3.335,10.94214912
1270,3.335,10.949885184
1271,3.335,10.95768704
1272,3.335,10.965456128
1273,3.335,10.973231104
1274,3.335,10.981492992
1275,3.335,10.98938112
1276,3.335,10.997231104
1277,4.744,11.005067008
1278,3.335,11.012758016
1279,3.335,11.021281024
1280,3.335,11.030184192
1281,3.335,11.038156032
1282,3.335,11.045992192
1283,3.335,11.053746176
1284,3.335,11.06143104
1285,3.335,11.06912512
1286,3.335,11.077552128
1287,3.335,11.08527616
1288,3.335,11.093250048
1289,3.335,11.101030144
1290,3.335,11.108748032
1291,3.335,11.116473088
1292,3.335,11.12465408
1293,3.335,11.135943168
1294,3.679,11.144285184
1295,3.335,11.152125184
1296,3.335,11.159880192
1297,3.335,11.167838976
1298,3.335,11.176947968
1299,3.335,11.184561152
1300,3.335,11.192376064
1301,3.335,11.199913984
1302,3.335,11.207601152
1303,3.335,11.21527808
1304,3.335,11.223553024
1305,3.335,11.231862016
1306,3.335,11.240425984
1307,3.335,11.24802816
1308,3.335,11.255887104
1309,3.335,11.263474176
1310,4.317,11.2717312
1311,3.335,11.279505152
1312,3.335,11.287254016
1313,3.335,11.294884096
1314,3.335,11.303282176
1315,3.798,11.3122432
1316,3.335,11.320047104
1317,3.335,11.327750144
1318,3.335,11.335738112
1319,3.335,11.343545088
1320,3.335,11.351124992
1321,3.335,11.360349184
1322,3.335,11.36817408
1323,3.335,11.376096
1324,3.335,11.384064
1325,3.335,11.391962112
1326,3.335,11.399684096
1327,3.335,11.408164096
1328,3.335,11.415848192
1329,3.335,11.42486912
1330,3.335,11.432539136
1331,3.335,11.440518144
1332,3.335,11.448784128
1333,3.335,11.456724992
1334,0.463,11.464625152

Error results for SA
---------------------------
0,622.442,0.00887296
1,622.442,0.017688064
2,622.442,0.025966848
3,622.442,0.035171072
4,622.442,0.044146944
5,622.442,0.053129984
6,622.442,0.06293888
7,622.442,0.071744
8,622.442,0.080112896
9,622.442,0.087845888
10,622.442,0.095715072
11,622.442,0.103459072
12,622.442,0.111661824
13,622.442,0.11928704
14,622.442,0.128877824
15,622.442,0.138520832
16,622.442,0.146501888
17,583.846,0.154857984
18,583.846,0.162821888
19,583.846,0.170456832
20,583.846,0.178460928
21,583.846,0.186249984
22,583.846,0.194663936
23,587.979,0.20384
24,587.979,0.211587072
25,587.979,0.219347968
26,587.979,0.226963968
27,587.979,0.235196928
28,587.979,0.242912
29,587.979,0.250588928
30,587.979,0.25810304
31,587.979,0.266739968
32,587.979,0.274806016
33,587.979,0.282553856
34,587.979,0.290142976
35,587.979,0.298031872
36,587.979,0.305816832
37,587.979,0.314096896
38,587.979,0.321702912
39,587.979,0.329526016
40,587.979,0.337101056
41,587.979,0.344702976
42,587.979,0.352805888
43,587.979,0.360600064
44,587.979,0.368217856
45,587.979,0.37585792
46,587.979,0.383640064
47,542.952,0.391809024
48,542.952,0.399604992
49,542.952,0.407275008
50,542.952,0.415070976
51,529.226,0.422821888
52,529.226,0.431000832
53,529.226,0.43880704
54,529.226,0.44674304
55,514.123,0.45435392
56,514.123,0.46221696
57,539.147,0.470818048
58,539.147,0.478700032
59,539.147,0.486569984
60,539.147,0.494272
61,539.147,0.502672896
62,539.147,0.510468864
63,539.147,0.518226944
64,567.721,0.52701184
65,586.423,0.537293056
66,586.423,0.546351872
67,586.423,0.554206976
68,586.423,0.56221696
69,586.423,0.57264384
70,586.423,0.582201856
71,586.423,0.589964032
72,586.423,0.597891072
73,586.423,0.60555392
74,586.423,0.613467904
75,586.423,0.621661952
76,586.423,0.629465856
77,586.423,0.637436928
78,586.423,0.645293056
79,586.423,0.653549824
80,586.423,0.661492992
81,586.423,0.669202944
82,586.423,0.677190912
83,586.423,0.686008064
84,586.423,0.694238976
85,586.423,0.702077952
86,586.423,0.709971968
87,586.423,0.717697024
88,586.423,0.72532608
89,586.423,0.73379584
90,586.423,0.741505024
91,586.423,0.74928896
92,586.423,0.756973824
93,586.423,0.764851968
94,586.423,0.772969984
95,586.423,0.780934912
96,586.423,0.788847872
97,586.423,0.796674048
98,586.423,0.804363008
99,586.423,0.813074944
100,586.423,0.82097792
101,586.423,0.829006848
102,586.423,0.836931072
103,388.660,0.844999936
104,388.660,0.853398016
105,388.660,0.86124288
106,388.660,0.869331968
107,388.660,0.877929984
108,388.660,0.885940992
109,388.660,0.894379008
110,388.660,0.902159872
111,388.660,0.910159872
112,388.660,0.917838848
113,388.660,0.925460992
114,388.660,0.934899968
115,388.660,0.942834944
116,388.660,0.95117184
117,388.660,0.958988032
118,388.660,0.967311872
119,388.660,0.977560832
120,388.660,0.986983936
121,388.660,0.994758912
122,388.660,1.002550016
123,388.660,1.01106688
124,388.660,1.018834944
125,369.050,1.026607872
126,369.050,1.034548992
127,369.050,1.042752
128,369.050,1.05136384
129,369.050,1.059266048
130,369.050,1.06722304
131,369.050,1.074828032
132,369.050,1.086181888
133,369.050,1.094736896
134,369.050,1.103152896
135,369.050,1.111484928
136,369.050,1.119384064
137,369.050,1.127808
138,369.050,1.135668992
139,369.050,1.143689984
140,369.050,1.151373056
141,369.050,1.159768064
142,369.050,1.167565056
143,369.050,1.175246848
144,369.050,1.183282944
145,369.050,1.190981888
146,369.050,1.199298048
147,369.050,1.20705408
148,369.050,1.215739904
149,369.050,1.225624832
150,369.050,1.23350784
151,369.050,1.241334016
152,369.050,1.249149952
153,369.050,1.257376
154,369.050,1.265376
155,369.050,1.273070848
156,369.050,1.28105088
157,369.050,1.28877184
158,369.050,1.29671296
159,369.050,1.304995072
160,369.050,1.312909056
161,369.050,1.320683008
162,369.050,1.32858496
163,369.050,1.336235008
164,369.050,1.344029952
165,369.050,1.351868928
166,369.050,1.360239872
167,360.761,1.368016896
168,360.761,1.375734016
169,360.761,1.38349696
170,383.326,1.391142912
171,383.326,1.398885888
172,383.326,1.406956032
173,383.326,1.414955008
174,371.963,1.422701824
175,371.963,1.430489856
176,371.963,1.438254848
177,371.963,1.446475008
178,371.963,1.455132928
179,371.963,1.463005952
180,411.542,1.470739968
181,411.542,1.478718976
182,411.542,1.486333952
183,411.542,1.495024896
184,411.542,1.504603904
185,411.542,1.513766912
186,411.542,1.522302976
187,411.542,1.530029056
188,411.542,1.537667072
189,411.542,1.545378048
190,411.542,1.553657856
191,411.542,1.561481984
192,411.542,1.569185024
193,411.542,1.576862976
194,411.542,1.584673024
195,411.542,1.592293888
196,411.542,1.600696064
197,411.542,1.60852992
198,411.542,1.616244992
199,411.542,1.62391296
200,411.542,1.63156608
201,411.542,1.639107072
202,411.542,1.647606016
203,411.542,1.655246848
204,411.542,1.663973888
205,411.542,1.671753984
206,411.542,1.679661056
207,411.542,1.687289856
208,411.542,1.695597056
209,411.542,1.703270912
210,411.542,1.711168
211,411.542,1.718822912
212,411.542,1.726539008
213,411.542,1.734284032
214,411.542,1.742571008
215,411.542,1.750237952
216,341.204,1.758171904
217,341.204,1.766456832
218,341.204,1.774388992
219,341.204,1.784601856
220,345.703,1.792736
221,345.703,1.800672
222,345.703,1.808386048
223,345.703,1.81639808
224,345.703,1.82402304
225,345.703,1.832569856
226,345.703,1.84039296
227,345.703,1.848256
228,345.703,1.85623296
229,341.695,1.864139008
230,341.695,1.871894016
231,341.695,1.880537856
232,341.695,1.888416
233,341.695,1.897318912
234,341.695,1.90525696
235,341.695,1.91315584
236,341.695,1.921435904
237,341.695,1.930278912
238,341.695,1.938342912
239,341.695,1.946285056
240,341.695,1.953963008
241,341.695,1.962363904
242,341.695,1.97010304
243,341.695,1.978262016
244,341.695,1.986909952
245,341.695,1.994811904
246,341.695,2.002635008
247,341.695,2.010835968
248,341.695,2.01860992
249,341.695,2.026319872
250,341.695,2.034013952
251,341.695,2.041763072
252,341.695,2.050260992
253,341.695,2.058629888
254,341.695,2.066515968
255,341.695,2.074210048
256,341.695,2.082220032
257,341.695,2.09045888
258,341.695,2.098274048
259,341.695,2.106126848
260,341.695,2.114029056
261,341.695,2.121641984
262,341.695,2.132205056
263,341.695,2.140435968
264,341.695,2.148295936
265,341.695,2.155910912
266,268.982,2.163741952
267,268.982,2.171785984
268,268.982,2.180157952
269,268.982,2.18804096
270,247.164,2.195773952
271,247.164,2.203491072
272,247.164,2.211984896
273,247.164,2.219631872
274,247.164,2.227476992
275,247.164,2.235234048
276,247.164,2.242940928
277,247.164,2.251235072
278,247.164,2.25895296
279,247.164,2.266754048
280,247.164,2.274543872
281,247.164,2.282328064
282,247.164,2.290541056
283,247.164,2.298466048
284,247.164,2.306136832
285,247.164,2.314004992
286,247.164,2.321747968
287,247.164,2.33002496
288,247.164,2.337876992
289,247.164,2.345702912
290,247.164,2.353348864
291,205.158,2.361899008
292,205.158,2.372056064
293,205.158,2.379932928
294,205.158,2.387539968
295,205.158,2.39540096
296,205.158,2.403051008
297,205.158,2.41129984
298,205.158,2.419077888
299,205.158,2.426767872
300,205.158,2.434436864
301,205.158,2.442176
302,205.158,2.450031872
303,205.158,2.458180864
304,205.158,2.466139904
305,205.158,2.47485184
306,205.158,2.484210944
307,205.158,2.491968
308,205.158,2.499837952
309,205.158,2.508152832
310,205.158,2.515955968
311,205.158,2.523736832
312,205.158,2.531557888
313,205.158,2.539172864
314,205.158,2.548398848
315,205.158,2.55593984
316,205.158,2.563744
317,205.158,2.571449856
318,205.158,2.579141888
319,205.158,2.587416064
320,205.158,2.595202048
321,205.158,2.602852864
322,205.158,2.610917888
323,205.158,2.61891584
324,205.158,2.62667392
325,205.158,2.635115008
326,205.158,2.642914048
327,205.158,2.650601984
328,205.158,2.658192896
329,205.158,2.66595584
330,205.158,2.674530048
331,205.158,2.682525952
332,205.158,2.690203904
333,205.158,2.698004992
334,205.158,2.705502976
335,205.158,2.713875968
336,205.158,2.721716992
337,205.158,2.729635072
338,205.158,2.737241856
339,205.158,2.745167872
340,205.158,2.753282048
341,205.158,2.761076992
342,205.158,2.768790016
343,205.158,2.776684032
344,205.158,2.784705024
345,205.158,2.792942848
346,205.158,2.800845056
347,205.158,2.808747008
348,205.158,2.818989824
349,99.772,2.827813888
350,99.772,2.836144896
351,99.772,2.84384384
352,99.772,2.851517952
353,99.772,2.859227904
354,99.772,2.867229952
355,99.772,2.875717888
356,99.772,2.883740928
357,99.772,2.891676928
358,100.344,2.899877888
359,100.344,2.907819008
360,100.344,2.916355072
361,100.344,2.924994048
362,100.344,2.933395968
363,100.344,2.941377024
364,100.344,2.949199872
365,100.344,2.957504
366,100.344,2.965508864
367,100.344,2.97314688
368,100.344,2.981574912
369,100.344,2.989464064
370,100.344,2.99792896
371,100.344,3.006032896
372,100.344,3.013872896
373,100.344,3.021691904
374,100.344,3.029934848
375,100.344,3.037614848
376,100.344,3.047175936
377,100.344,3.05572096
378,100.344,3.063627008
379,100.344,3.071812864
380,100.344,3.080172032
381,100.344,3.087940864
382,100.344,3.095650048
383,100.344,3.103988992
384,115.219,3.112348928
385,115.219,3.120514048
386,161.937,3.128411904
387,161.937,3.136075008
388,161.937,3.147079936
389,161.937,3.154845952
390,161.937,3.16281984
391,161.937,3.17048704
392,161.937,3.179965952
393,161.937,3.189298944
394,161.937,3.197264896
395,161.937,3.204803072
396,161.937,3.213240064
397,161.937,3.220944896
398,161.937,3.228632832
399,161.937,3.23676288
400,145.385,3.244883968
401,145.385,3.253149952
402,145.385,3.261121024
403,145.385,3.268964864
404,145.385,3.276891904
405,145.385,3.28672
406,145.385,3.296696832
407,145.385,3.307472896
408,145.385,3.316850944
409,145.385,3.324679936
410,145.385,3.332632064
411,145.385,3.343704064
412,145.385,3.35332096
413,145.385,3.361817856
414,145.385,3.370008832
415,145.385,3.377932032
416,145.385,3.385688064
417,145.385,3.393686016
418,147.352,3.402971904
419,147.352,3.410821888
420,147.352,3.419791872
421,147.352,3.427699968
422,147.352,3.435587072
423,147.352,3.443570944
424,147.352,3.45136
425,147.352,3.459842048
426,147.352,3.46761088
427,147.352,3.475721984
428,147.352,3.485364992
429,147.352,3.49324288
430,147.352,3.501310976
431,147.352,3.509522944
432,147.352,3.517421824
433,147.352,3.525118976
434,147.352,3.53285888
435,147.352,3.540606976
436,147.352,3.548510976
437,147.352,3.556998912
438,147.352,3.564864
439,147.352,3.572627968
440,147.352,3.58069888
441,147.352,3.588400896
442,147.352,3.596865024
443,147.352,3.605316864
444,147.352,3.613168896
445,147.352,3.621074944
446,147.352,3.631250944
447,147.352,3.640448
448,147.352,3.648382976
449,147.352,3.656781056
450,147.352,3.664733952
451,147.352,3.672504832
452,147.352,3.680526848
453,147.352,3.68824192
454,147.352,3.697432064
455,147.352,3.705022976
456,147.352,3.712969984
457,147.352,3.720754944
458,147.352,3.72862592
459,147.352,3.736446976
460,147.352,3.744893952
461,147.352,3.75269888
462,147.352,3.760493824
463,147.352,3.768237824
464,147.352,3.77601792
465,147.352,3.78416
466,147.352,3.792292864
467,147.352,3.800207872
468,147.352,3.807902976
469,147.352,3.815805952
470,147.352,3.823577856
471,147.352,3.831542016
472,145.366,3.839734016
473,145.366,3.847983872
474,145.366,3.855643904
475,145.366,3.86338304
476,145.366,3.871122944
477,145.366,3.879472896
478,145.366,3.88722688
479,145.366,3.895580928
480,145.366,3.904398848
481,145.366,3.912587008
482,145.366,3.920356864
483,145.366,3.928946944
484,145.366,3.93667584
485,151.118,3.944371968
486,151.118,3.952709888
487,151.118,3.96037504
488,151.118,3.968765952
489,151.118,3.977549056
490,151.118,3.985360896
491,151.118,3.993170944
492,151.118,4.00097408
493,151.118,4.00976384
494,163.690,4.017517056
495,163.690,4.025100032
496,163.690,4.033108992
497,163.690,4.040792064
498,163.690,4.048793856
499,163.690,4.057132032
500,163.690,4.06493184
501,163.690,4.072876032
502,163.690,4.080797952
503,163.690,4.088539904
504,163.690,4.097145856
505,163.690,4.105001984
506,163.690,4.113300992
507,163.690,4.121199872
508,163.690,4.129091072
509,168.304,4.13793408
510,168.304,4.146712064
511,219.666,4.154700032
512,219.666,4.162617856
513,219.666,4.170296832
514,219.666,4.178924032
515,219.666,4.186811904
516,219.666,4.194727936
517,219.666,4.20249088
518,219.666,4.210444032
519,219.666,4.219211008
520,219.666,4.22805888
521,219.666,4.235982848
522,219.666,4.243753984
523,219.666,4.251456
524,219.666,4.259727872
525,219.666,4.267533056
526,219.666,4.275297024
527,219.666,4.284893952
528,219.666,4.29284096
529,219.666,4.302000896
530,152.386,4.309859072
531,152.386,4.317925888
532,152.386,4.325686016
533,152.386,4.334036992
534,132.957,4.34180992
535,132.957,4.34964096
536,132.957,4.357485056
537,132.957,4.36533888
538,132.957,4.373483008
539,121.529,4.381656064
540,121.529,4.389419008
541,121.529,4.39730688
542,133.823,4.405315072
543,135.052,4.413723904
544,135.052,4.421486848
545,135.052,4.429293056
546,135.052,4.436944896
547,135.052,4.445336832
548,135.052,4.45316096
549,135.052,4.460971008
550,135.052,4.46879488
551,135.052,4.47679104
552,135.052,4.48528896
553,135.052,4.493234944
554,135.052,4.50104192
555,135.052,4.508886016
556,135.052,4.517417984
557,162.334,4.52512
558,162.334,4.533165056
559,162.334,4.540888832
560,162.334,4.548869888
561,162.334,4.556611072
562,162.334,4.565046016
563,162.334,4.572807936
564,162.334,4.581086976
565,162.334,4.589172992
566,274.312,4.59693696
567,274.312,4.604396032
568,274.312,4.61273088
569,273.070,4.620467968
570,273.070,4.628265984
571,273.070,4.636052992
572,273.070,4.643766016
573,256.234,4.65148288
574,256.234,4.663467008
575,256.234,4.671692032
576,256.234,4.679614976
577,281.142,4.687260928
578,256.234,4.69538688
579,256.234,4.703842048
580,256.234,4.711745024
581,256.234,4.720173056
582,256.234,4.727964928
583,256.234,4.735768832
584,256.234,4.743552
585,256.234,4.751206912
586,208.212,4.759269888
587,208.212,4.76826496
588,208.212,4.776027904
589,208.212,4.783859968
590,208.212,4.791433984
591,208.212,4.799389952
592,208.212,4.807015936
593,208.212,4.815548928
594,208.212,4.825464832
595,208.212,4.834800896
596,208.212,4.842578944
597,201.464,4.850404864
598,201.464,4.858157056
599,201.464,4.867055872
600,201.464,4.87483904
601,201.464,4.882692864
602,201.464,4.890307072
603,201.464,4.899137024
604,201.464,4.907245824
605,201.464,4.915634944
606,201.464,4.923243008
607,201.464,4.931091968
608,201.464,4.938931968
609,201.464,4.946765056
610,201.464,4.954466048
611,201.464,4.96307584
612,201.464,4.970755072
613,201.464,4.978739968
614,201.464,4.987631872
615,201.464,4.995270912
616,201.464,5.003168
617,204.133,5.011502848
618,204.133,5.01908608
619,204.133,5.026723072
620,204.133,5.03446784
621,204.133,5.042117888
622,114.251,5.050913024
623,114.251,5.059299072
624,114.251,5.06708608
625,114.251,5.075140864
626,114.251,5.083036928
627,114.251,5.090770944
628,114.251,5.098617856
629,114.251,5.1072
630,114.251,5.115393024
631,114.251,5.123062016
632,114.251,5.131309824
633,114.251,5.139073024
634,114.251,5.14695296
635,114.251,5.15524992
636,114.251,5.16297984
637,114.251,5.170876928
638,114.251,5.178617856
639,114.251,5.186232064
640,114.251,5.194661888
641,114.251,5.202505984
642,114.251,5.210478848
643,114.251,5.219764992
644,114.251,5.227491072
645,115.402,5.235300864
646,114.251,5.24356992
647,114.251,5.25136
648,114.251,5.259590912
649,114.251,5.269396992
650,114.251,5.278158848
651,113.555,5.288291072
652,113.555,5.297742848
653,113.555,5.306816
654,113.555,5.31512192
655,113.555,5.322854912
656,98.099,5.330652928
657,98.099,5.338925824
658,98.099,5.346739968
659,98.099,5.354543872
660,98.099,5.362578944
661,98.099,5.371001856
662,98.099,5.38001792
663,98.099,5.38762496
664,98.099,5.39576704
665,98.099,5.403750912
666,98.099,5.411598848
667,98.099,5.420027904
668,98.099,5.428006912
669,98.099,5.435846912
670,98.099,5.443885056
671,98.099,5.451771904
672,98.099,5.460201984
673,98.099,5.46791808
674,98.099,5.475716864
675,98.099,5.483548928
676,84.689,5.491224832
677,84.689,5.498950912
678,84.689,5.507213056
679,84.689,5.51504
680,84.689,5.522603008
681,84.689,5.531136
682,84.689,5.538786048
683,84.689,5.547718912
684,84.689,5.555480064
685,84.689,5.563267072
686,84.689,5.571136
687,84.689,5.57952384
688,84.689,5.588024832
689,100.040,5.596014848
690,84.689,5.60366208
691,84.689,5.611512064
692,84.689,5.619779072
693,84.689,5.62757504
694,84.689,5.635399936
695,64.659,5.643428864
696,64.659,5.653392896
697,64.659,5.662718976
698,62.307,5.670804992
699,62.307,5.678899968
700,62.307,5.68685696
701,62.307,5.694622976
702,62.307,5.70289792
703,62.307,5.71090304
704,62.307,5.71869184
705,62.307,5.726492928
706,62.307,5.73447296
707,62.307,5.74277888
708,62.307,5.750721024
709,62.307,5.75860096
710,62.307,5.766284032
711,62.307,5.774466048
712,62.307,5.78239104
713,62.307,5.790110976
714,62.307,5.799213824
715,62.307,5.807545856
716,62.307,5.816358912
717,62.307,5.824173056
718,62.307,5.832069888
719,62.307,5.839832064
720,62.307,5.84809984
721,62.307,5.855915008
722,62.307,5.863668992
723,62.307,5.871292928
724,62.307,5.879205888
725,62.307,5.887379968
726,62.307,5.896461056
727,62.307,5.904169984
728,62.307,5.913388032
729,62.307,5.922660864
730,62.307,5.93104
731,62.307,5.938639872
732,62.307,5.946776064
733,62.307,5.954813952
734,62.307,5.962669824
735,62.307,5.971308032
736,62.307,5.980007936
737,62.307,5.98786688
738,62.307,5.995916032
739,62.307,6.003567872
740,62.307,6.011582976
741,62.307,6.019751936
742,62.307,6.027417856
743,62.307,6.035238912
744,62.307,6.042956032
745,62.307,6.050661888
746,62.307,6.059195904
747,52.820,6.067190016
748,52.820,6.075316992
749,52.820,6.085646848
750,52.820,6.09383808
751,52.820,6.102629888
752,52.820,6.11060992
753,52.820,6.119465984
754,52.820,6.128749824
755,52.820,6.136462848
756,39.323,6.144793856
757,29.932,6.152718848
758,29.932,6.160365824
759,29.932,6.168101888
760,29.932,6.175744
761,29.932,6.183851008
762,29.932,6.19150208
763,29.932,6.199362048
764,29.932,6.206928896
765,29.932,6.215755008
766,29.932,6.224088832
767,29.932,6.232
768,29.932,6.23976192
769,29.932,6.249899008
770,29.932,6.259585024
771,29.932,6.267474944
772,29.932,6.275149056
773,29.932,6.283412992
774,29.932,6.292787968
775,29.932,6.301003008
776,20.544,6.308781056
777,20.544,6.316662016
778,20.544,6.324171008
779,14.286,6.332039936
780,14.286,6.340165888
781,14.286,6.347943936
782,14.286,6.355622912
783,14.286,6.363315968
784,14.286,6.371563008
785,14.286,6.379448064
786,14.286,6.387136
787,14.286,6.395053824
788,14.286,6.402768896
789,14.286,6.411059968
790,14.708,6.421767936
791,14.286,6.42990592
792,14.286,6.437606912
793,14.286,6.445371904
794,14.286,6.45389696
795,14.286,6.46177408
796,14.286,6.469632
797,14.286,6.477778944
798,14.286,6.486204928
799,14.286,6.494017024
800,14.286,6.502461952
801,14.286,6.510468864
802,14.286,6.519696896
803,23.008,6.527940864
804,14.286,6.535672832
805,14.286,6.54385792
806,14.286,6.551645952
807,14.286,6.559371008
808,14.286,6.567172864
809,14.286,6.574910976
810,14.286,6.583278848
811,14.286,6.590971904
812,14.286,6.59889792
813,14.286,6.606540032
814,14.286,6.614390016
815,14.286,6.622716928
816,14.286,6.630604032
817,14.286,6.638477056
818,14.286,6.646525952
819,14.286,6.654331904
820,14.286,6.662909952
821,14.286,6.670671872
822,14.286,6.678659072
823,14.286,6.686459904
824,14.286,6.694208
825,14.286,6.701884928
826,14.286,6.71022208
827,14.286,6.717926912
828,14.286,6.725662976
829,14.286,6.733543936
830,14.286,6.74127104
831,14.286,6.749118976
832,14.286,6.75732992
833,14.286,6.765190912
834,14.286,6.772948992
835,14.174,6.780708864
836,14.174,6.78840192
837,14.174,6.797019904
838,14.174,6.805282048
839,14.174,6.814347008
840,14.174,6.824005888
841,14.174,6.831981824
842,14.174,6.839577856
843,14.174,6.84744704
844,14.174,6.85630592
845,14.174,6.864066048
846,14.174,6.871883008
847,14.174,6.880285952
848,14.174,6.888299008
849,14.174,6.89645696
850,8.804,6.905213952
851,8.804,6.913117952
852,8.804,6.920832
853,8.804,6.928572928
854,8.435,6.93632896
855,8.435,6.944110848
856,8.435,6.95247488
857,8.435,6.960276992
858,8.435,6.967947008
859,8.435,6.976283904
860,8.435,6.984054016
861,8.435,6.992348928
862,8.435,7.000284928
863,8.435,7.007911936
864,8.435,7.015947008
865,8.435,7.023533824
866,8.435,7.033203968
867,8.435,7.042497024
868,8.435,7.050242048
869,8.435,7.05841792
870,8.435,7.066758912
871,8.435,7.076371968
872,8.435,7.084235008
873,8.435,7.092641024
874,8.435,7.100579072
875,8.435,7.10819584
876,8.435,7.11611904
877,8.337,7.124035072
878,8.337,7.132291072
879,8.337,7.139883008
880,8.337,7.148315904
881,8.337,7.156153856
882,8.337,7.163826944
883,8.337,7.171309824
884,8.337,7.179586048
885,8.337,7.187119872
886,8.337,7.19476608
887,8.337,7.202433024
888,8.337,7.209961984
889,8.337,7.218032896
890,8.337,7.225950976
891,8.337,7.233619968
892,8.337,7.241051904
893,8.337,7.250288896
894,8.337,7.259535872
895,8.337,7.267250944
896,8.337,7.274777856
897,8.337,7.282646016
898,8.337,7.290305024
899,8.337,7.299721984
900,8.337,7.308854016
901,8.337,7.316592896
902,8.337,7.32462208
903,8.337,7.332334848
904,8.337,7.34046592
905,10.504,7.348409856
906,8.337,7.356027904
907,8.337,7.363849984
908,8.337,7.371538944
909,8.337,7.379721984
910,8.337,7.387393024
911,8.306,7.395244032
912,8.306,7.402862848
913,8.306,7.410660864
914,8.306,7.419053056
915,8.306,7.427184896
916,8.306,7.435262976
917,8.306,7.442930944
918,8.306,7.450533888
919,8.306,7.45872384
920,8.306,7.466471936
921,8.306,7.474075904
922,8.306,7.48193408
923,8.306,7.489427968
924,8.306,7.498345984
925,8.306,7.506048
926,8.306,7.51381504
927,8.306,7.521662976
928,8.306,7.529396992
929,8.306,7.537613056
930,8.306,7.545522944
931,8.306,7.553291008
932,8.306,7.561042944
933,8.306,7.568860928
934,8.306,7.577166848
935,8.306,7.584987904
936,8.306,7.59279104
937,7.035,7.60050688
938,7.035,7.608740864
939,7.035,7.616587008
940,7.035,7.624130048
941,7.035,7.632212992
942,7.035,7.639734016
943,7.035,7.650622976
944,7.035,7.659675904
945,7.035,7.66748288
946,7.035,7.67503488
947,7.035,7.682861056
948,7.035,7.690631936
949,7.035,7.698363904
950,7.035,7.706523904
951,7.035,7.714475008
952,7.035,7.72208896
953,7.035,7.730051072
954,7.035,7.738832896
955,7.035,7.747243008
956,7.035,7.756365056
957,7.035,7.764134912
958,7.035,7.77190784
959,7.035,7.779684864
960,7.035,7.787896064
961,7.035,7.795763968
962,7.062,7.803538944
963,7.035,7.811239936
964,7.035,7.819024896
965,7.035,7.82669184
966,7.035,7.835474944
967,7.035,7.843203072
968,7.035,7.850834944
969,5.649,7.858587904
970,5.649,7.866311936
971,5.649,7.874454016
972,5.649,7.882456064
973,6.134,7.890040064
974,5.649,7.897853952
975,5.649,7.90556288
976,5.649,7.913910016
977,5.649,7.921646848
978,5.649,7.929771008
979,5.649,7.938530048
980,5.649,7.946407936
981,5.649,7.954605824
982,5.649,7.962603008
983,5.649,7.970441984
984,9.353,7.978255872
985,5.649,7.986304
986,5.649,7.994695936
987,5.649,8.002541824
988,5.649,8.011119872
989,5.649,8.01945984
990,5.649,8.027318016
991,5.649,8.035791872
992,5.649,8.04406784
993,5.649,8.051864832
994,5.649,8.059485952
995,5.649,8.067396864
996,5.649,8.075539968
997,5.649,8.083310848
998,5.649,8.091137024
999,5.649,8.098912
1000,5.649,8.106471936
1001,5.649,8.114921984
1002,5.649,8.122574848
1003,5.649,8.130390016
1004,8.349,8.137957888
1005,5.649,8.145861888
1006,5.649,8.154191872
1007,5.649,8.16185088
1008,5.649,8.169428992
1009,5.649,8.177259008
1010,5.649,8.185122048
1011,5.649,8.193336832
1012,5.649,8.201331968
1013,5.649,8.20908288
1014,5.649,8.21701504
1015,5.649,8.225299968
1016,5.649,8.23309696
1017,4.331,8.242059008
1018,4.331,8.250003968
1019,4.331,8.25765504
1020,4.331,8.266013952
1021,4.331,8.27371392
1022,4.331,8.281811968
1023,4.331,8.289570048
1024,4.331,8.297910016
1025,4.331,8.305987072
1026,4.331,8.313931008
1027,4.331,8.321683968
1028,4.331,8.32954496
1029,4.331,8.337703936
1030,4.331,8.345774848
1031,4.331,8.35369088
1032,4.331,8.361517056
1033,4.331,8.369961984
1034,4.331,8.377807872
1035,4.331,8.385673984
1036,4.331,8.393427968
1037,4.331,8.40118784
1038,4.331,8.409890048
1039,4.331,8.417890048
1040,4.331,8.425532928
1041,4.331,8.433563904
1042,4.331,8.441220864
1043,4.331,8.451252992
1044,4.331,8.460050944
1045,4.331,8.468600064
1046,4.331,8.476434944
1047,4.331,8.486172928
1048,4.331,8.495236864
1049,4.331,8.50320896
1050,4.331,8.510918912
1051,4.331,8.51914496
1052,4.331,8.526832896
1053,4.331,8.534544896
1054,4.331,8.542146048
1055,4.331,8.55215488
1056,4.331,8.56047488
1057,4.331,8.568658944
1058,4.331,8.576400896
1059,4.331,8.58443904
1060,4.331,8.592219904
1061,4.331,8.600073984
1062,4.331,8.607883008
1063,4.331,8.61639296
1064,4.331,8.625668864
1065,4.331,8.63349504
1066,4.331,8.641219072
1067,4.331,8.649144832
1068,4.331,8.656819968
1069,4.331,8.665341952
1070,4.331,8.673148928
1071,4.331,8.681149952
1072,4.331,8.688973056
1073,4.331,8.697469952
1074,4.331,8.705646848
1075,4.331,8.714313984
1076,4.331,8.722196992
1077,4.331,8.730141952
1078,4.331,8.737730048
1079,4.331,8.745595904
1080,4.331,8.753474048
1081,4.331,8.761977856
1082,4.331,8.769899008
1083,4.331,8.77768704
1084,4.331,8.785350912
1085,4.331,8.793138944
1086,4.331,8.800928
1087,4.331,8.809302016
1088,4.331,8.817196032
1089,4.331,8.824972032
1090,4.331,8.832907008
1091,3.692,8.840531968
1092,3.692,8.849071872
1093,3.692,8.857924864
1094,3.692,8.866345984
1095,3.692,8.874319872
1096,3.692,8.882752
1097,3.692,8.890316032
1098,3.692,8.898649856
1099,3.692,8.906388992
1100,3.692,8.915373824
1101,3.692,8.923100928
1102,3.692,8.931550976
1103,3.692,8.940530944
1104,3.692,8.949165056
1105,3.692,8.956857856
1106,3.692,8.964696064
1107,3.692,8.972422912
1108,3.692,8.980233984
1109,3.692,8.988046848
1110,3.692,8.99652992
1111,3.692,9.004175872
1112,3.692,9.011878912
1113,3.692,9.019732992
1114,3.692,9.027438848
1115,3.692,9.035725056
1116,3.692,9.04344704
1117,3.692,9.051206912
1118,3.692,9.058811904
1119,3.692,9.068118016
1120,3.692,9.077797888
1121,3.692,9.085579008
1122,3.692,9.093165056
1123,3.692,9.100950016
1124,3.692,9.108591872
1125,3.692,9.116278016
1126,3.692,9.124577024
1127,3.692,9.132239872
1128,3.692,9.139753984
1129,3.692,9.147589888
1130,3.692,9.155261952
1131,3.692,9.163613952
1132,3.692,9.171300864
1133,3.692,9.179081984
1134,3.692,9.186852864
1135,3.692,9.195204864
1136,3.692,9.203407872
1137,3.692,9.211328
1138,3.692,9.21916288
1139,3.692,9.226868992
1140,3.692,9.237363968
1141,7.526,9.246278912
1142,3.692,9.254393856
1143,3.692,9.26215808
1144,3.692,9.269987072
1145,3.692,9.27787392
1146,3.692,9.286333952
1147,3.692,9.294044928
1148,3.692,9.301746944
1149,3.692,9.309444864
1150,3.692,9.317209856
1151,3.692,9.325337856
1152,3.692,9.333340928
1153,3.692,9.341072896
1154,3.692,9.349697024
1155,3.692,9.35745792
1156,3.692,9.365808896
1157,3.692,9.373619968
1158,3.692,9.38179584
1159,3.692,9.390415872
1160,3.692,9.40042496
1161,3.692,9.408902912
1162,3.692,9.416774912
1163,3.692,9.424417024
1164,3.692,9.432349952
1165,3.692,9.439928064
1166,3.692,9.449380864
1167,3.692,9.456932864
1168,3.692,9.464571904
1169,3.692,9.47261696
1170,3.692,9.48033792
1171,2.668,9.48792192
1172,2.668,9.496557056
1173,2.668,9.504507904
1174,2.668,9.512216064
1175,2.668,9.519780864
1176,2.668,9.527330048
1177,2.668,9.534884864
1178,2.668,9.54253696
1179,2.668,9.551137024
1180,2.668,9.558916864
1181,2.668,9.566670848
1182,2.668,9.574379008
1183,2.668,9.584088832
1184,2.668,9.592494848
1185,2.668,9.60153088
1186,2.668,9.61077504
1187,2.668,9.61897984
1188,2.668,9.626850048
1189,2.668,9.634658048
1190,2.668,9.642326016
1191,2.668,9.650086912
1192,2.668,9.658541824
1193,2.668,9.66625408
1194,2.668,9.674027008
1195,2.668,9.683489024
1196,2.668,9.692662016
1197,2.668,9.700438016
1198,2.668,9.707992064
1199,2.668,9.716403968
1200,2.668,9.723936
1201,2.668,9.73163904
1202,2.668,9.73963392
1203,2.668,9.74736384
1204,2.668,9.757555968
1205,2.668,9.766235904
1206,2.668,9.774002944
1207,2.668,9.781794048
1208,2.668,9.789405952
1209,2.668,9.797312
1210,2.668,9.804910848
1211,2.668,9.813477888
1212,2.668,9.821229824
1213,2.668,9.82904704
1214,2.668,9.836683008
1215,2.668,9.844331008
1216,2.668,9.852079872
1217,2.668,9.859727872
1218,2.668,9.868654848
1219,2.668,9.87639296
1220,2.668,9.884361984
1221,2.668,9.891904
1222,2.668,9.899586048
1223,2.668,9.907280896
1224,2.668,9.915561984
1225,2.668,9.923230976
1226,2.634,9.931186944
1227,2.634,9.938725888
1228,2.634,9.946460928
1229,2.634,9.954249984
1230,2.634,9.962543872
1231,2.634,9.970348032
1232,2.634,9.978160896
1233,2.634,9.986068992
1234,2.634,9.993945856
1235,2.634,10.001772032
1236,2.634,10.010256896
1237,2.316,10.018348032
1238,2.316,10.026030848
1239,2.316,10.033726976
1240,2.316,10.041548032
1241,2.316,10.049460992
1242,2.316,10.057741056
1243,2.316,10.065574912
1244,2.316,10.073168896
1245,3.559,10.080961024
1246,2.316,10.08889984
1247,2.316,10.09656192
1248,2.316,10.104834048
1249,2.316,10.112550912
1250,2.316,10.120171008
1251,2.316,10.127928064
1252,2.316,10.136477952
1253,2.316,10.14421504
1254,2.316,10.152446976
1255,2.316,10.160240896
1256,2.316,10.168129024
1257,2.316,10.175849984
1258,2.316,10.186478848
1259,2.316,10.195122944
1260,2.308,10.203403008
1261,2.308,10.211097856
1262,2.308,10.218863872
1263,2.308,10.226578944
1264,2.308,10.234356992
1265,2.308,10.24193792
1266,2.308,10.250416896
1267,2.308,10.258018048
1268,2.308,10.265860864
1269,2.308,10.273620992
1270,2.308,10.28142592
1271,2.308,10.289624064
1272,2.308,10.297469952
1273,2.308,10.305040896
1274,2.308,10.312806912
1275,2.308,10.32265984
1276,2.308,10.332205824
1277,2.308,10.340498944
1278,2.308,10.348549888
1279,2.308,10.356636928
1280,2.308,10.364386048
1281,2.308,10.372198912
1282,2.308,10.380009984
1283,2.308,10.388009984
1284,2.308,10.396248064
1285,2.308,10.405225984
1286,2.308,10.413190912
1287,2.308,10.4208
1288,2.308,10.42928
1289,2.308,10.437011968
1290,2.308,10.444765952
1291,2.308,10.454262016
1292,2.308,10.46205696
1293,2.308,10.469747968
1294,2.308,10.478194944
1295,2.091,10.485856
1296,1.358,10.493667072
1297,1.358,10.502131968
1298,1.358,10.510508032
1299,1.358,10.51878784
1300,1.358,10.526525952
1301,1.358,10.534476032
1302,1.358,10.542206976
1303,1.358,10.549964032
1304,1.358,10.558215936
1305,1.358,10.565924864
1306,1.358,10.573533952
1307,1.358,10.581528832
1308,1.358,10.589053952
1309,1.039,10.59786496
1310,1.039,10.605627904
1311,1.039,10.613369856
1312,1.039,10.621099008
1313,1.039,10.628900864
1314,1.039,10.637030912
1315,1.039,10.644926976
1316,1.039,10.652751872
1317,1.039,10.660545024
1318,1.039,10.668404992
1319,1.039,10.676291072
1320,1.039,10.684886016
1321,1.039,10.69619584
1322,1.039,10.704248064
1323,1.039,10.712147968
1324,1.039,10.720012032
1325,1.039,10.728303872
1326,1.039,10.735945984
1327,1.598,10.743571968
1328,1.039,10.751358976
1329,1.039,10.759629056
1330,1.039,10.768292864
1331,1.039,10.777236992
1332,1.039,10.784994048
1333,0.603,10.792595968
1334,0.603,10.801185024
1335,0.603,10.808848896
1336,0.603,10.816873984
1337,0.603,10.825092864
1338,0.603,10.833651968
1339,0.603,10.841955072
1340,0.603,10.849714944
1341,0.603,10.857403904
1342,0.603,10.866192896
1343,0.603,10.873811968
1344,0.603,10.88223104
1345,0.603,10.889923072
1346,0.603,10.897703936
1347,0.603,10.905889024
1348,0.603,10.914172928
1349,0.603,10.921803008
1350,0.603,10.929720832
1351,0.603,10.93740288
1352,0.603,10.945327872
1353,0.603,10.953757952
1354,0.603,10.961528064
1355,0.603,10.96939392
1356,0.603,10.97720192
1357,0.603,10.98543488
1358,0.603,10.993454848
1359,0.603,11.003747072
1360,0.603,11.012016896
1361,0.603,11.019836928
1362,0.603,11.028294912
1363,0.603,11.036078848
1364,0.603,11.043827968
1365,0.348,11.05179008

Error results for GA
---------------------------
0,565.253,0.200935168
1,340.478,0.408582144
2,426.394,0.625803008
3,228.867,0.844185088
4,264.906,1.054617088
5,319.902,1.26096512
6,294.142,1.477828096
7,337.889,1.689069056
8,199.368,1.902537216
9,175.088,2.111195136
10,256.345,2.317923072
11,270.500,2.525405184
12,223.289,2.7316032
13,154.396,2.940137984
14,288.206,3.150572032
15,156.336,3.357215232
16,275.234,3.566343168
17,131.433,3.77392
18,208.585,3.9852992
19,144.427,4.190852096
20,144.427,4.400112128
21,147.220,4.609677056
22,224.007,4.81970304
23,134.389,5.030177024
24,144.249,5.245483008
25,116.124,5.445584128
26,141.050,5.656999168
27,119.398,5.870589184
28,98.002,6.086031104
29,126.466,6.29931008
30,231.378,6.508745984
31,97.263,6.7227712
32,134.488,6.934198016
33,134.488,7.139245056
34,151.180,7.343608064
35,113.432,7.552066048
36,117.747,7.769423104
37,86.835,7.97932416
38,89.246,8.18992
39,92.346,8.403628032
40,98.807,8.609353216
41,119.863,8.812478208
42,107.047,9.026152192
43,102.973,9.231375104
44,103.609,9.433412096
45,131.704,9.63831808
46,83.191,9.848108032
47,70.518,10.059544064
48,99.157,10.266461184
49,81.388,10.471744
50,73.711,10.683664128
51,93.825,10.885494016
52,107.893,11.084739072
53,95.317,11.288880128
54,89.917,11.491710208
55,94.611,11.70239104
56,75.387,11.913803008
57,77.048,12.127444992
58,58.557,12.343870976
59,69.191,12.55560704
60,54.404,12.758084096
61,52.380,12.960733184
62,72.774,13.172047104
63,54.040,13.379340032
64,77.444,13.58536704
65,45.473,13.790706176
66,48.975,14.000489216
67,54.404,14.212276992
68,56.514,14.436390144
69,55.553,14.643988224
70,34.410,14.852576
71,47.737,15.062601216
72,53.227,15.277380096
73,41.935,15.485598208
74,30.292,15.692073984
75,47.604,15.898374144
76,38.279,16.108699136
77,42.837,16.3208512
78,31.888,16.529985024
79,36.545,16.737485056
80,11.766,16.944529152
81,12.286,17.154435072
82,15.908,17.36374912
83,16.295,17.576564224
84,11.134,17.790284032
85,10.350,18.003207168
86,9.845,18.205707008
87,10.304,18.414932992
88,9.772,18.617216
89,9.647,18.823937024
90,9.845,19.029313024
91,10.423,19.240820224
92,9.328,19.450584064
93,9.772,19.661718016
94,8.326,19.883838976
95,9.328,20.095732992
96,9.772,20.306302976
97,7.676,20.517894144
98,8.872,20.725748224
99,8.782,20.934174208
100,8.256,21.135544064
101,6.116,21.3478272
102,9.328,21.563340032
103,8.351,21.774395136
104,6.796,21.981030144
105,6.766,22.187437056
106,6.766,22.393214976
107,6.766,22.601929984
108,6.420,22.808669184
109,6.766,23.015368192
110,6.766,23.223716096
111,9.815,23.435441152
112,6.116,23.650808064
113,6.455,23.853457152
114,5.346,24.06175616
115,3.689,24.277396224
116,3.925,24.486164992
117,3.925,24.692020992
118,6.116,24.907963136
119,3.689,25.118904064
120,3.689,25.33846912
121,2.856,25.549641216
122,3.689,25.756134144
123,2.569,25.969536
124,3.689,26.1818112
125,3.925,26.385649152
126,3.925,26.596288
127,3.689,26.797204992
128,3.689,27.007924224
129,2.734,27.214633984
130,2.904,27.428099072
131,3.689,27.638589184
132,3.165,27.851815168
133,3.689,28.058724096
134,3.689,28.265188096
135,2.043,28.470472192
136,3.689,28.67775616
137,2.856,28.897021184
138,1.924,29.104630016
139,2.856,29.312406016
140,2.245,29.534827008
141,1.577,29.75253504
142,1.604,29.968
143,1.237,30.179465216
144,1.237,30.385940224
145,1.577,30.599422208
146,1.237,30.803784192
147,0.804,31.022153984
148,1.482,31.235047168
149,1.237,31.449021184
150,0.670,31.658484224
151,0.670,31.868681216
152,0.670,32.080195072
153,1.237,32.290257152
154,0.581,32.493254144
155,0.670,32.706299136
156,0.696,32.914320128
157,0.581,33.127524096
158,0.581,33.33515904
159,0.670,33.543849216
160,0.670,33.750046208
161,0.670,33.962988032
162,0.670,34.176409088
163,0.635,34.383544064
164,0.581,34.596491008
165,0.328,34.80011904

Results for RHC: 
Correctly classified 3888.0 instances.
Incorrectly classified 0.0 instances.
Percent correctly classified: 100.000%
Training time: 11.465 seconds
Testing time: 0.012 seconds
Iterations: 1334

Results for SA: 
Correctly classified 3888.0 instances.
Incorrectly classified 0.0 instances.
Percent correctly classified: 100.000%
Training time: 11.052 seconds
Testing time: 0.012 seconds
Iterations: 1365

Results for GA: 
Correctly classified 3888.0 instances.
Incorrectly classified 0.0 instances.
Percent correctly classified: 100.000%
Training time: 34.800 seconds
Testing time: 0.012 seconds
Iterations: 165

