
Error results for RHC
---------------------------
0,264.698,0.095225088
1,264.698,0.129926144
2,264.698,0.14699008
3,264.698,0.15947904
4,264.698,0.170449152
5,264.698,0.180822016
6,264.698,0.190982144
7,264.698,0.20034304
8,264.698,0.211072
9,264.698,0.22176
10,264.698,0.230910976
11,264.698,0.24150016
12,264.698,0.252515072
13,264.698,0.261883136
14,264.698,0.271300096
15,264.698,0.280542208
16,264.698,0.289748992
17,264.698,0.300376064
18,264.698,0.309757952
19,264.698,0.318955008
20,264.698,0.331702016
21,264.698,0.341193984
22,264.698,0.350595072
23,264.698,0.360619008
24,264.698,0.369872128
25,264.698,0.379083008
26,264.698,0.389868032
27,264.698,0.399098112
28,264.698,0.408440064
29,264.698,0.417602048
30,264.698,0.426951168
31,264.698,0.436268032
32,264.698,0.445803008
33,264.698,0.455974144
34,264.698,0.465256192
35,264.698,0.474626048
36,264.698,0.485297152
37,264.698,0.49455104
38,264.698,0.504953088
39,264.698,0.515866112
40,434.337,0.525563136
41,264.698,0.534819072
42,264.698,0.54475008
43,264.698,0.554654976
44,264.698,0.563820032
45,264.698,0.574616064
46,264.698,0.584043008
47,274.271,0.593597184
48,264.698,0.602850048
49,264.698,0.612240128
50,288.671,0.622035968
51,264.698,0.631409152
52,264.698,0.640984064
53,264.698,0.650157056
54,264.698,0.661568
55,263.281,0.673356032
56,263.281,0.685775104
57,263.281,0.6993472
58,263.281,0.711737088
59,263.281,0.723921152
60,263.281,0.736071168
61,263.281,0.748
62,263.281,0.760465152
63,263.281,0.772313088
64,263.281,0.781562112
65,263.281,0.791016192
66,263.281,0.800225024
67,263.281,0.810619136
68,263.281,0.820192
69,263.281,0.829348096
70,263.281,0.838835968
71,263.281,0.847951104
72,263.281,0.857371136
73,263.281,0.866671104
74,263.281,0.8760512
75,263.281,0.885496064
76,263.281,0.89471104
77,263.281,0.904081152
78,263.281,0.913396992
79,263.281,0.92310016
80,263.281,0.932813056
81,263.281,0.942888192
82,263.281,0.952164096
83,263.281,0.961611008
84,263.281,0.970994176
85,263.281,0.982228992
86,263.281,0.99174912
87,263.281,1.001101056
88,263.281,1.010301184
89,263.281,1.019649024
90,263.281,1.028870144
91,263.281,1.038171136
92,263.281,1.047446016
93,263.281,1.056755968
94,263.281,1.066121984
95,263.281,1.075619072
96,263.281,1.084994048
97,263.281,1.094228992
98,263.281,1.104104192
99,263.281,1.113268992
100,263.281,1.122640128
101,263.281,1.131725056
102,263.281,1.141161984
103,263.281,1.150336
104,263.281,1.15967104
105,263.281,1.168971008
106,263.281,1.178270976
107,263.281,1.187949056
108,215.549,1.198330112
109,215.549,1.207624192
110,215.549,1.216969984
111,173.590,1.22639616
112,173.590,1.235689984
113,173.590,1.244962048
114,173.590,1.254189056
115,173.590,1.266828032
116,173.590,1.2772672
117,173.590,1.286573056
118,173.590,1.29578112
119,173.590,1.305137152
120,173.590,1.31446912
121,173.590,1.324568064
122,179.773,1.333825024
123,173.590,1.34338816
124,173.590,1.352712192
125,173.590,1.362123008
126,173.590,1.371805184
127,173.590,1.380897024
128,173.590,1.39040896
129,173.590,1.399517184
130,173.590,1.408845056
131,173.590,1.418130176
132,173.590,1.427926016
133,173.590,1.4376
134,173.590,1.446970112
135,173.590,1.456250112
136,251.201,1.465620992
137,173.590,1.474861056
138,173.590,1.484310016
139,173.590,1.493767168
140,173.590,1.50304
141,173.590,1.512318976
142,173.590,1.523489024
143,173.590,1.533659136
144,173.590,1.5429632
145,173.590,1.552264192
146,173.590,1.56154496
147,173.590,1.57143296
148,173.590,1.581606144
149,173.590,1.590941184
150,173.590,1.604428032
151,173.590,1.613981184
152,173.590,1.62349312
153,173.590,1.632838144
154,173.590,1.642224128
155,173.590,1.651547136
156,172.955,1.660830976
157,172.955,1.670123008
158,167.432,1.679428096
159,167.432,1.689167104
160,167.432,1.698616064
161,167.432,1.708072192
162,167.432,1.71727616
163,167.432,1.728873984
164,167.432,1.73846016
165,167.432,1.747720192
166,167.432,1.757037056
167,167.432,1.766320128
168,167.432,1.775928064
169,167.432,1.785170176
170,155.166,1.794671104
171,155.166,1.804013056
172,155.166,1.813433088
173,155.166,1.822810112
174,155.166,1.832451072
175,155.166,1.84263808
176,155.166,1.851873024
177,155.166,1.861248
178,155.166,1.871190016
179,155.166,1.880495104
180,155.166,1.889946112
181,155.166,1.899160064
182,155.166,1.911067136
183,155.166,1.92191104
184,155.166,1.932664064
185,155.166,1.942216192
186,155.166,1.9516032
187,155.166,1.96164096
188,155.166,1.971048192
189,155.166,1.980271104
190,155.166,1.990306048
191,155.166,1.99999616
192,155.166,2.00928
193,155.166,2.0191232
194,155.166,2.02859904
195,155.166,2.037854976
196,155.166,2.047138048
197,177.469,2.0564672
198,155.166,2.065566976
199,155.166,2.07499008
200,155.166,2.084169984
201,155.166,2.09358208
202,155.166,2.103123968
203,147.984,2.11263104
204,147.984,2.122119168
205,147.984,2.131379968
206,165.477,2.140751104
207,147.984,2.150845184
208,147.984,2.160203008
209,147.984,2.16957696
210,147.984,2.17886208
211,147.984,2.189737984
212,147.984,2.200082176
213,147.984,2.211367168
214,147.984,2.220756992
215,147.984,2.22992512
216,147.984,2.239417088
217,147.984,2.248637184
218,147.984,2.257886208
219,147.984,2.26720896
220,147.984,2.276392192
221,147.984,2.286219008
222,147.984,2.2954752
223,147.984,2.304651008
224,147.984,2.31385216
225,147.984,2.323136
226,147.984,2.332299008
227,147.984,2.341794048
228,147.984,2.35093504
229,147.984,2.36023296
230,147.984,2.369476096
231,147.984,2.378650112
232,147.984,2.38799616
233,147.984,2.39700608
234,147.984,2.407266048
235,147.984,2.417127168
236,147.984,2.426351104
237,147.984,2.435706112
238,147.984,2.446138112
239,147.984,2.455537152
240,147.984,2.464852992
241,138.848,2.474822144
242,138.848,2.484024064
243,138.848,2.493420032
244,138.848,2.502713088
245,138.848,2.513163008
246,138.848,2.52262016
247,138.848,2.531805184
248,138.848,2.541680128
249,138.848,2.551058176
250,138.848,2.563852032
251,138.848,2.57399296
252,138.848,2.58316416
253,233.544,2.592603136
254,138.848,2.602179072
255,138.848,2.612122112
256,138.848,2.621566976
257,155.250,2.63077504
258,138.848,2.640333056
259,138.848,2.649683968
260,138.848,2.658857984
261,138.848,2.668850176
262,162.777,2.678274048
263,138.848,2.68842112
264,138.848,2.69766912
265,167.875,2.707097088
266,138.848,2.716545024
267,138.848,2.725949952
268,138.848,2.735268096
269,138.848,2.744550144
270,138.848,2.754673152
271,138.848,2.766074112
272,138.848,2.775567104
273,138.848,2.785523968
274,138.848,2.794785024
275,138.848,2.80450304
276,138.848,2.81371904
277,140.511,2.823143168
278,138.848,2.832278016
279,138.848,2.841746176
280,138.848,2.851163136
281,138.848,2.860385024
282,138.848,2.870644992
283,138.848,2.882045952
284,138.848,2.89146112
285,138.848,2.901424128
286,138.848,2.910827008
287,138.848,2.921263104
288,138.848,2.930507008
289,138.848,2.940003072
290,138.848,2.94912896
291,138.848,2.95912704
292,138.848,2.968382976
293,138.848,2.977562112
294,138.848,2.989106176
295,138.848,3.000153088
296,138.848,3.009846016
297,138.848,3.019913984
298,138.848,3.029287168
299,138.848,3.03870208
300,138.848,3.047805184
301,138.848,3.05727104
302,138.848,3.066603008
303,138.848,3.075844096
304,139.218,3.085043968
305,138.848,3.094257152
306,138.848,3.104171008
307,138.848,3.11354112
308,138.848,3.124262144
309,138.848,3.134107136
310,138.848,3.143608064
311,118.270,3.152879104
312,118.270,3.162035968
313,118.270,3.171611136
314,118.270,3.180697088
315,118.270,3.190146048
316,118.270,3.199467008
317,118.270,3.208798976
318,118.270,3.21805312
319,118.270,3.227309056
320,118.270,3.237320192
321,118.270,3.246694144
322,118.270,3.25826304
323,200.274,3.268716032
324,118.270,3.278769152
325,118.270,3.288204032
326,118.270,3.297274112
327,118.270,3.306744064
328,118.270,3.315933184
329,118.270,3.325827072
330,118.270,3.335439104
331,118.270,3.343891968
332,118.270,3.352132096
333,118.270,3.360035072
334,92.127,3.370156032
335,92.127,3.378084096
336,92.127,3.386004992
337,92.127,3.39366912
338,92.127,3.401282048
339,92.127,3.409054208
340,92.127,3.416915968
341,92.127,3.425169152
342,92.127,3.433030144
343,92.127,3.440840192
344,92.127,3.4486272
345,92.127,3.457017088
346,92.127,3.465291008
347,92.127,3.473216
348,92.127,3.480829952
349,92.127,3.489931008
350,92.127,3.499193088
351,92.127,3.507185152
352,92.127,3.516256
353,77.467,3.524513024
354,77.467,3.533187072
355,77.467,3.542146048
356,77.467,3.5516352
357,77.467,3.562690048
358,77.467,3.574162176
359,77.467,3.58285696
360,77.467,3.592292096
361,77.467,3.600116992
362,77.467,3.608495104
363,77.467,3.616283136
364,77.467,3.624150016
365,77.467,3.631947008
366,77.467,3.640736
367,77.467,3.648436992
368,77.467,3.657796096
369,77.467,3.666936064
370,77.467,3.674771968
371,75.652,3.68262912
372,75.652,3.690846976
373,75.652,3.698599168
374,75.652,3.707258112
375,75.652,3.714874112
376,75.652,3.723488
377,75.652,3.731119104
378,75.652,3.738948096
379,75.652,3.746699008
380,75.652,3.75514112
381,75.652,3.763165184
382,75.652,3.771428096
383,75.652,3.779084032
384,75.652,3.78688896
385,75.652,3.794674176
386,75.652,3.80242304
387,75.652,3.81028608
388,75.652,3.818072064
389,75.652,3.825700096
390,75.652,3.833485056
391,75.652,3.841739008
392,75.652,3.849467136
393,66.262,3.85730304
394,66.262,3.86493312
395,66.262,3.872913152
396,66.262,3.880550144
397,66.262,3.888254976
398,66.262,3.895970048
399,66.262,3.903812096
400,66.262,3.91201408
401,66.262,3.919961088
402,66.262,3.929807104
403,66.262,3.93906304
404,66.262,3.946982144
405,66.262,3.954919168
406,66.262,3.962462208
407,66.262,3.970118144
408,66.262,3.977890048
409,66.262,3.985519104
410,66.262,3.993697024
411,74.032,4.00151808
412,66.262,4.00943104
413,66.262,4.017050112
414,66.262,4.025572096
415,66.262,4.033144064
416,66.262,4.041731072
417,66.262,4.050834176
418,66.262,4.058703104
419,66.262,4.066896128
420,66.262,4.075811072
421,66.262,4.083787008
422,66.262,4.091492096
423,66.262,4.099156992
424,66.262,4.1081472
425,66.262,4.116926976
426,53.106,4.124843008
427,53.106,4.136552192
428,53.106,4.146118144
429,53.106,4.154027008
430,53.106,4.161725184
431,53.106,4.169609984
432,53.106,4.17743104
433,60.282,4.185187072
434,53.106,4.193022976
435,53.106,4.200794112
436,53.106,4.20921216
437,53.106,4.217154048
438,53.106,4.224937984
439,53.106,4.232836096
440,53.106,4.240670208
441,53.106,4.248345088
442,53.106,4.256260096
443,53.106,4.264004096
444,53.106,4.27226496
445,53.106,4.280062976
446,53.106,4.287787008
447,53.106,4.295369984
448,53.106,4.30323712
449,53.106,4.310928128
450,80.673,4.318605056
451,53.106,4.326406144
452,53.106,4.334955008
453,53.106,4.34293504
454,53.106,4.350738176
455,53.106,4.358480128
456,53.106,4.366113024
457,53.106,4.373945088
458,53.106,4.381519104
459,53.106,4.38934912
460,53.106,4.397652992
461,53.106,4.40564096
462,53.106,4.413524992
463,53.106,4.422142976
464,53.106,4.430272
465,53.106,4.43811712
466,53.106,4.445779968
467,53.106,4.453647104
468,53.106,4.461915136
469,53.106,4.469819136
470,53.106,4.4777472
471,53.106,4.48563712
472,53.106,4.49331712
473,53.106,4.501531136
474,53.106,4.509489152
475,53.106,4.51746304
476,53.106,4.527649024
477,53.106,4.535820032
478,53.106,4.543723008
479,53.106,4.551614976
480,53.106,4.559713024
481,53.106,4.567652096
482,53.106,4.57562112
483,53.106,4.583376128
484,53.106,4.592109056
485,59.520,4.6000512
486,53.106,4.607919104
487,53.106,4.615814144
488,53.106,4.623719168
489,53.106,4.631408128
490,53.106,4.639426048
491,53.106,4.647757056
492,53.106,4.656350976
493,53.106,4.664674048
494,53.106,4.672580096
495,53.106,4.68048512
496,53.106,4.688378112
497,53.106,4.696048128
498,53.106,4.704698112
499,53.106,4.713775104
500,53.106,4.722330112
501,53.106,4.730806016
502,53.106,4.738910208
503,66.338,4.746567168
504,53.106,4.754429952
505,53.106,4.762376192
506,53.106,4.770717184
507,53.106,4.778394112
508,53.106,4.786082048
509,53.106,4.793816064
510,53.106,4.801725952
511,53.106,4.809696
512,53.106,4.817384192
513,53.106,4.825886208
514,53.106,4.83360896
515,53.106,4.84144896
516,53.106,4.849240064
517,53.106,4.85712
518,58.625,4.86474496
519,55.444,4.872673024
520,53.106,4.880820992
521,53.106,4.888722176
522,53.106,4.896425984
523,53.106,4.904224
524,53.106,4.911990016
525,53.106,4.919729152
526,53.106,4.927448064
527,53.106,4.935856128
528,53.106,4.943760128
529,53.106,4.951568128
530,53.106,4.96034304
531,53.106,4.968083968
532,53.106,4.97749504
533,53.106,4.986343168
534,53.106,4.994198016
535,53.106,5.001889024
536,53.106,5.009524992
537,53.106,5.017231104
538,53.106,5.024932096
539,53.106,5.032486144
540,53.106,5.040926976
541,53.106,5.048680192
542,53.106,5.057474048
543,53.106,5.065176064
544,53.106,5.073138176
545,53.106,5.080961024
546,53.106,5.090397184
547,53.106,5.10117504
548,53.106,5.109289984
549,53.106,5.117184
550,62.352,5.12484096
551,53.106,5.132551168
552,53.106,5.140474112
553,53.106,5.148616192
554,53.106,5.156849152
555,53.106,5.1645952
556,53.106,5.172478976
557,53.106,5.1803072
558,56.063,5.18885504
559,53.106,5.197469184
560,44.362,5.20539008
561,44.362,5.213185024
562,44.362,5.221127168
563,44.362,5.228774144
564,44.362,5.236616192
565,44.362,5.244945152
566,44.362,5.252793088
567,44.362,5.260689152
568,44.362,5.268547072
569,44.362,5.276349952
570,44.362,5.284153088
571,44.362,5.293027072
572,44.362,5.300941056
573,44.362,5.30889216
574,44.362,5.31652608
575,44.362,5.32560896
576,44.362,5.333282048
577,44.362,5.341259008
578,44.362,5.349699072
579,44.362,5.357668096
580,44.362,5.365616128
581,44.362,5.373551104
582,44.362,5.381227008
583,44.362,5.38919296
584,44.362,5.397426176
585,44.362,5.405437184
586,44.362,5.413298176
587,44.362,5.421147136
588,44.362,5.42893696
589,44.362,5.436865024
590,44.362,5.446866176
591,44.362,5.455243008
592,44.042,5.462969088
593,44.042,5.472883968
594,44.042,5.482472192
595,44.042,5.49038208
596,44.042,5.498749952
597,44.042,5.506579968
598,44.042,5.51436416
599,44.042,5.522279168
600,44.042,5.529881088
601,44.042,5.538276096
602,44.042,5.546121984
603,44.042,5.553883136
604,44.042,5.561548032
605,64.718,5.569328128
606,44.042,5.577146112
607,44.042,5.58552704
608,44.042,5.593547008
609,44.042,5.601149184
610,44.042,5.609032192
611,44.042,5.616777984
612,44.042,5.62455296
613,44.042,5.632897024
614,44.042,5.641479168
615,44.042,5.649648128
616,44.042,5.660024064
617,44.042,5.66807296
618,44.042,5.676382976
619,29.515,5.684190976
620,29.515,5.6920512
621,29.515,5.699699968
622,29.515,5.708564992
623,29.515,5.71618816
624,29.515,5.725485056
625,41.644,5.733255168
626,29.515,5.741072128
627,29.515,5.748861184
628,29.515,5.75665408
629,29.515,5.764884992
630,29.515,5.773547008
631,29.515,5.781996032
632,29.515,5.790046976
633,29.515,5.79787008
634,27.162,5.805901056
635,27.162,5.81418496
636,27.162,5.82202496
637,27.162,5.829969152
638,27.210,5.837812992
639,27.162,5.845536
640,23.635,5.8540992
641,34.276,5.861859072
642,23.635,5.869946112
643,23.635,5.877736192
644,23.635,5.885448192
645,23.635,5.893659136
646,23.635,5.9014272
647,23.635,5.909159168
648,23.635,5.916912128
649,23.635,5.924710144
650,23.635,5.932301056
651,23.635,5.940939008
652,23.635,5.9485632
653,23.635,5.957095168
654,23.635,5.964871168
655,23.635,5.972740096
656,23.635,5.981095168
657,23.635,5.988921088
658,23.635,5.996576
659,23.635,6.004510208
660,23.635,6.0122112
661,23.635,6.020752128
662,23.635,6.028428032
663,23.635,6.036102144
664,23.635,6.043974144
665,23.635,6.051741184
666,23.635,6.059901952
667,23.635,6.067778048
668,23.635,6.075616
669,23.635,6.083188992
670,23.635,6.091145984
671,23.635,6.099297024
672,23.635,6.107172096
673,23.635,6.11504512
674,23.635,6.122872064
675,23.635,6.130561024
676,23.635,6.139195136
677,23.635,6.147087104
678,23.635,6.155257088
679,22.272,6.165917184
680,23.107,6.175430144
681,22.272,6.183190016
682,22.272,6.193487104
683,22.272,6.201586176
684,22.272,6.20939008
685,22.272,6.217822976
686,22.272,6.225617152
687,22.272,6.233204992
688,22.272,6.24104704
689,22.272,6.248719104
690,22.272,6.256950016
691,22.272,6.264687104
692,22.272,6.27274496
693,22.272,6.280345088
694,22.272,6.288754176
695,22.272,6.296422144
696,22.272,6.304217088
697,22.272,6.312
698,22.272,6.320269056
699,22.272,6.328841984
700,22.272,6.336561152
701,22.272,6.344189952
702,22.272,6.351934976
703,22.272,6.361234176
704,22.272,6.369206016
705,22.272,6.378700032
706,22.272,6.387753984
707,27.660,6.396267008
708,26.267,6.404354048
709,24.949,6.412177152
710,22.272,6.419898112
711,22.272,6.427700992
712,16.561,6.435421184
713,16.561,6.443453184
714,16.561,6.45119104
715,16.561,6.461481984
716,16.561,6.469466112
717,16.561,6.477698048
718,16.561,6.486248192
719,16.561,6.494152192
720,16.561,6.501752064
721,16.561,6.510397952
722,16.561,6.518054144
723,16.561,6.526409984
724,16.561,6.534055168
725,16.561,6.541805056
726,16.561,6.549580032
727,16.561,6.559592192
728,16.561,6.568096
729,16.561,6.575819008
730,16.561,6.583537152
731,16.968,6.591451136
732,16.561,6.598969088
733,16.561,6.607332096
734,16.561,6.61498112
735,16.561,6.622874112
736,10.073,6.630796032
737,10.073,6.638729984
738,10.073,6.647091968
739,10.073,6.655101184
740,7.728,6.662790144
741,7.728,6.670664192
742,7.728,6.678408192
743,7.728,6.688271104
744,7.728,6.697264128
745,7.728,6.705164032
746,7.728,6.712972032
747,7.728,6.72074112
748,7.728,6.728451072
749,7.728,6.7368512
750,7.728,6.744583168
751,7.728,6.752372992
752,7.728,6.760817152
753,7.728,6.768585984
754,7.728,6.776529152
755,7.728,6.784835072
756,7.728,6.7928512
757,7.728,6.800731136
758,7.728,6.811224064
759,7.728,6.819784192
760,7.728,6.828041984
761,7.728,6.835866112
762,7.728,6.843532032
763,7.728,6.851284992
764,7.728,6.85912704
765,7.728,6.86676608
766,7.728,6.8760192
767,7.728,6.883643136
768,7.728,6.8916032
769,7.728,6.899343104
770,7.728,6.907162112
771,7.728,6.914877184
772,7.728,6.92326016
773,7.728,6.930952192
774,7.728,6.938896128
775,7.728,6.946507008
776,7.728,6.954201088
777,7.728,6.962525184
778,7.728,6.971032064
779,9.830,6.979087104
780,7.728,6.986870016
781,7.728,6.994802176
782,7.728,7.00401408
783,7.728,7.011934976
784,7.728,7.01989504
785,7.728,7.027661056
786,7.728,7.035368192
787,7.728,7.04484608
788,7.728,7.053501952
789,7.728,7.062865152
790,7.728,7.070881024
791,7.728,7.078575104
792,7.728,7.086244096
793,7.728,7.094689024
794,7.728,7.102484992
795,7.728,7.1102592
796,7.728,7.117972992
797,7.728,7.126275072
798,7.728,7.134610176
799,7.728,7.142496
800,7.728,7.150243072
801,7.728,7.158099968
802,7.728,7.165837056
803,7.728,7.174209024
804,7.728,7.1820672
805,7.728,7.191080192
806,7.728,7.199697152
807,7.728,7.207508992
808,7.728,7.2156672
809,7.728,7.223646976
810,7.728,7.231357184
811,7.728,7.2391552
812,7.728,7.246910976
813,7.728,7.255219968
814,7.728,7.26304512
815,7.728,7.2709632
816,7.728,7.27865216
817,7.728,7.286499072
818,7.728,7.29479296
819,7.728,7.302959104
820,7.728,7.311137024
821,8.328,7.318995968
822,7.728,7.326838016
823,7.728,7.335140096
824,7.728,7.342904064
825,7.728,7.354571008
826,7.728,7.362672128
827,7.728,7.370329088
828,7.728,7.378667008
829,6.111,7.387440128
830,6.111,7.395112192
831,6.111,7.402910208
832,6.111,7.410737152
833,6.111,7.4189312
834,6.111,7.426889984
835,6.111,7.434813952
836,6.111,7.443706112
837,6.111,7.452576
838,6.111,7.460400128
839,6.111,7.468207104
840,6.111,7.475934208
841,6.111,7.483645184
842,6.111,7.492004096
843,6.111,7.499704064
844,6.111,7.507844096
845,4.486,7.515416064
846,4.486,7.52373504
847,4.486,7.531536128
848,4.486,7.540186112
849,4.486,7.54808704
850,4.486,7.555823104
851,4.486,7.563862016
852,4.486,7.571955968
853,4.486,7.579699968
854,4.486,7.587537152
855,4.486,7.5958592
856,4.486,7.60359808
857,4.486,7.611393024
858,4.486,7.619056128
859,4.486,7.626979072
860,4.486,7.63522816
861,4.486,7.643136
862,4.486,7.650854144
863,4.504,7.658689024
864,4.486,7.66629504
865,4.486,7.67416704
866,4.486,7.681995008
867,4.486,7.69060096
868,4.486,7.698407168
869,4.486,7.706925056
870,4.486,7.71502208
871,4.486,7.722930176
872,4.486,7.730450176
873,4.486,7.73871616
874,4.486,7.746403072
875,4.486,7.754091008
876,4.486,7.761750016
877,4.486,7.769882112
878,4.486,7.778157056
879,4.486,7.786654976
880,4.486,7.794339072
881,4.486,7.80198016
882,4.486,7.810729984
883,4.486,7.81848704
884,4.486,7.826362112
885,4.486,7.834547968
886,4.486,7.842208
887,4.486,7.850237184
888,4.486,7.858643968
889,4.486,7.866329088
890,4.486,7.874302976
891,4.486,7.88246016
892,4.486,7.890956032
893,4.486,7.89874816
894,4.486,7.906627072
895,4.486,7.914496
896,4.486,7.922352128
897,4.486,7.930706176
898,4.486,7.938899968
899,4.486,7.946548992
900,4.486,7.954595072
901,4.486,7.962243072
902,3.798,7.969968128
903,3.798,7.978337024
904,3.798,7.986089984
905,3.798,7.993767168
906,3.798,8.001476096
907,3.798,8.009195008
908,3.798,8.016839168
909,3.798,8.02532608
910,3.798,8.033051136
911,4.033,8.040923136
912,3.798,8.048660992
913,3.798,8.056975104
914,3.798,8.064876032
915,3.767,8.073299968
916,3.767,8.081202176
917,3.767,8.089224192
918,3.767,8.09695104
919,3.767,8.105016064
920,3.767,8.113392128
921,3.767,8.12128512
922,3.767,8.12919808
923,3.767,8.137712128
924,3.767,8.14582912
925,3.767,8.15362816
926,3.767,8.161860096
927,3.767,8.16976
928,3.767,8.177593088
929,3.983,8.185370112
930,3.767,8.193286144
931,3.767,8.200963072
932,3.767,8.209469952
933,3.767,8.217235968
934,3.767,8.228603136
935,3.767,8.237731072
936,3.767,8.245561088
937,3.767,8.253988096
938,3.767,8.261885184
939,3.767,8.26969216
940,3.767,8.277447168
941,3.767,8.285321984
942,3.767,8.296081152
943,3.767,8.305086976
944,3.767,8.312751104
945,3.767,8.320625152
946,3.767,8.328259072
947,3.767,8.335997952
948,3.767,8.34516096
949,3.767,8.353159168
950,3.767,8.361184
951,3.767,8.369048064
952,3.767,8.376969984
953,3.767,8.385460992
954,3.767,8.393223168
955,3.767,8.400955136
956,3.767,8.40885504
957,3.767,8.416532992
958,3.767,8.42546304
959,3.767,8.43315712
960,3.767,8.44218496
961,3.767,8.450014976
962,3.767,8.457892096
963,3.767,8.4663232
964,3.767,8.47423104
965,3.767,8.482056192
966,3.767,8.48998912
967,3.767,8.497676032
968,3.767,8.50715904
969,3.767,8.51488
970,3.767,8.523124992
971,3.767,8.532451072
972,3.767,8.540588032
973,3.767,8.549164032
974,3.767,8.55714816
975,3.767,8.565005056
976,3.767,8.572961024
977,3.767,8.58078208
978,3.767,8.589645056
979,3.767,8.597709056
980,3.767,8.60596096
981,3.767,8.613758976
982,3.767,8.621814016
983,3.767,8.630114048
984,3.767,8.638041088
985,3.767,8.645974016
986,3.767,8.653821952
987,3.767,8.66427904
988,3.767,8.673042176
989,3.767,8.682305024
990,3.767,8.690200064
991,3.767,8.698093056
992,3.767,8.705981184
993,3.767,8.714317056
994,3.767,8.722344192
995,3.767,8.73043712
996,3.767,8.738649088
997,3.767,8.746859008
998,3.767,8.754779136
999,3.767,8.762664192
1000,3.767,8.77047808
1001,3.767,8.778376192
1002,3.767,8.786941184
1003,3.767,8.794929152
1004,3.767,8.802705152
1005,3.767,8.810488064
1006,3.767,8.818793984
1007,3.767,8.827692032
1008,3.767,8.836483072
1009,3.767,8.844388096
1010,3.767,8.85228416
1011,3.767,8.860815104
1012,3.767,8.868674048
1013,3.767,8.876793088
1014,3.767,8.884777984
1015,3.767,8.893117184
1016,3.767,8.900940032
1017,3.767,8.90877312
1018,3.767,8.916431104
1019,3.767,8.924381184
1020,3.767,8.932681984
1021,3.767,8.940742144
1022,3.767,8.948656128
1023,3.767,8.956617984
1024,3.523,8.964448
1025,3.523,8.972715008
1026,3.523,8.981266176
1027,3.523,8.989225984
1028,6.345,8.997022976
1029,3.523,9.005171968
1030,3.523,9.012907008
1031,3.523,9.021359104
1032,3.523,9.0318912
1033,3.523,9.040113152
1034,3.523,9.047793152
1035,3.523,9.055604992
1036,3.523,9.063943168
1037,3.523,9.071888128
1038,3.523,9.079750144
1039,3.523,9.087905024
1040,3.523,9.096122112
1041,3.523,9.104626176
1042,3.523,9.11253504
1043,3.374,9.120456192
1044,3.374,9.128306176
1045,3.374,9.136594176
1046,3.374,9.145406976
1047,3.374,9.1539392
1048,3.374,9.1623232
1049,3.374,9.171378176
1050,3.374,9.179970048
1051,3.374,9.188573184
1052,3.374,9.196561152
1053,3.374,9.204615168
1054,3.374,9.213346048
1055,3.374,9.222435072
1056,3.413,9.230782976
1057,3.374,9.23888896
1058,3.374,9.246703104
1059,3.374,9.255025152
1060,3.374,9.263913984
1061,3.374,9.272443136
1062,3.374,9.280185088
1063,3.778,9.288608
1064,3.374,9.296657152
1065,3.374,9.304996096
1066,3.374,9.312976128
1067,3.374,9.320980992
1068,3.374,9.32906496
1069,3.374,9.33740416
1070,3.374,9.345451008
1071,3.374,9.353405952
1072,3.374,9.361424128
1073,3.374,9.36962816
1074,3.374,9.378016
1075,3.374,9.385958144
1076,3.374,9.393967104
1077,3.374,9.401725952
1078,3.374,9.410276096
1079,3.374,9.418162176
1080,3.374,9.426145024
1081,3.374,9.4341312
1082,3.374,9.445520128
1083,3.374,9.45364608
1084,3.374,9.461595136
1085,3.374,9.473132032
1086,3.374,9.481249024
1087,3.374,9.490375168
1088,3.496,9.498810112
1089,3.374,9.50895616
1090,3.374,9.51818112
1091,3.374,9.526020096
1092,3.374,9.534100992
1093,4.585,9.54297216
1094,3.374,9.55163904
1095,3.666,9.559815168
1096,3.374,9.567668992
1097,3.374,9.576164096
1098,3.374,9.584445952
1099,3.374,9.593174016
1100,3.374,9.601105152
1101,3.374,9.609360128
1102,3.374,9.6170432
1103,3.374,9.62571904
1104,3.374,9.633630976
1105,3.374,9.642633984
1106,3.374,9.651610112
1107,3.374,9.65949312
1108,3.374,9.66787712
1109,3.374,9.676729088
1110,3.374,9.684674048
1111,3.374,9.692396032
1112,3.374,9.700169984
1113,3.374,9.7087232
1114,3.374,9.71734016
1115,3.374,9.725228032
1116,3.374,9.732866048
1117,3.374,9.740747008
1118,3.374,9.749220096
1119,3.374,9.757595136
1120,3.374,9.765572096
1121,3.374,9.77344512
1122,3.374,9.781473024
1123,3.374,9.790134016
1124,3.374,9.800728064
1125,3.374,9.80933504
1126,3.374,9.817095168
1127,3.374,9.825456128
1128,3.374,9.834707968
1129,3.374,9.84286208
1130,3.374,9.850514176
1131,3.374,9.859084032
1132,3.374,9.867408128
1133,3.374,9.875581184
1134,3.335,9.88344704
1135,3.335,9.891303168
1136,3.335,9.89915008
1137,3.335,9.907552
1138,3.335,9.915235072
1139,3.335,9.923144192
1140,3.335,9.930818048
1141,3.335,9.939446016
1142,3.335,9.94721408
1143,3.335,9.955148032
1144,3.335,9.9630272
1145,3.335,9.97138304
1146,3.335,9.979184128
1147,3.335,9.987073024
1148,3.335,9.994863104
1149,3.335,10.002759168
1150,3.335,10.011294976
1151,3.335,10.019098112
1152,3.335,10.02781696
1153,3.335,10.035646976
1154,3.335,10.0436992
1155,3.335,10.051987968
1156,3.335,10.059718144
1157,3.335,10.067554048
1158,3.335,10.075454976
1159,3.335,10.083762176
1160,3.335,10.091731968
1161,3.335,10.100519168
1162,3.335,10.108592128
1163,3.335,10.116417024
1164,3.335,10.124977152
1165,3.335,10.132830208
1166,3.335,10.140761088
1167,3.335,10.148822016
1168,3.335,10.157309184
1169,3.335,10.16555008
1170,3.335,10.173652992
1171,3.335,10.184849152
1172,3.335,10.193549056
1173,3.335,10.20151296
1174,3.335,10.209978112
1175,3.335,10.217822976
1176,3.335,10.225639168
1177,3.335,10.233282048
1178,3.335,10.241433088
1179,3.335,10.249118208
1180,3.335,10.258371072
1181,3.335,10.266444032
1182,3.335,10.27426304
1183,3.335,10.282121984
1184,3.335,10.28989696
1185,3.335,10.297483008
1186,3.335,10.308182016
1187,3.335,10.316344064
1188,3.335,10.324169984
1189,3.335,10.3317632
1190,3.335,10.339681024
1191,3.335,10.347316992
1192,3.335,10.355673088
1193,3.335,10.363595008
1194,3.335,10.37147904
1195,3.335,10.379198976
1196,3.335,10.387243008
1197,3.335,10.39507712
1198,3.895,10.40360704
1199,3.335,10.411422208
1200,3.335,10.4192
1201,3.335,10.427015168
1202,3.335,10.434836992
1203,3.335,10.442779136
1204,3.335,10.451252992
1205,3.335,10.459142144
1206,3.335,10.466877184
1207,3.335,10.47476096
1208,3.335,10.482493952
1209,3.335,10.490889984
1210,3.335,10.498617088
1211,3.335,10.506462976
1212,3.335,10.51430912
1213,3.335,10.522123008
1214,3.335,10.529787136
1215,3.335,10.538333184
1216,3.335,10.546193152
1217,3.335,10.554258176
1218,3.335,10.562067968
1219,3.335,10.569883136
1220,3.335,10.577764096
1221,1.372,10.586443008
1222,1.372,10.594444032
1223,1.372,10.602777088
1224,1.372,10.613044992
1225,1.372,10.621068032
1226,1.372,10.629491968
1227,1.184,10.637526016
1228,1.184,10.648598016
1229,1.184,10.65722112
1230,1.184,10.6650112
1231,1.184,10.6728832
1232,1.184,10.680977152
1233,1.184,10.689520128
1234,1.184,10.698370048
1235,0.517,10.70644096
1236,0.517,10.714144
1237,0.517,10.722578176
1238,0.517,10.730343168
1239,0.517,10.738187008
1240,0.517,10.7459712
1241,0.517,10.754183168
1242,0.517,10.762433024
1243,0.517,10.770822144
1244,0.517,10.77867008
1245,0.517,10.786594048
1246,0.517,10.795320064
1247,0.517,10.803288064
1248,0.517,10.811835136
1249,0.517,10.81971712
1250,0.517,10.827682048
1251,0.517,10.835507968
1252,0.517,10.84327296
1253,0.477,10.851697152

Error results for SA
---------------------------
0,801.422,0.008315904
1,801.422,0.016775936
2,801.422,0.02626688
3,801.422,0.035387904
4,801.422,0.047542016
5,801.422,0.056833024
6,801.422,0.06590592
7,857.231,0.075564032
8,857.231,0.084905984
9,857.231,0.093523968
10,862.296,0.101232896
11,862.296,0.10923904
12,862.296,0.117590016
13,862.296,0.127004928
14,862.296,0.135140864
15,862.296,0.143042816
16,862.296,0.150860032
17,862.296,0.159279872
18,862.296,0.167056896
19,862.296,0.175478016
20,785.935,0.183945984
21,785.935,0.191982848
22,785.935,0.200268032
23,833.039,0.20815488
24,833.039,0.21598592
25,833.039,0.22452992
26,833.039,0.232536832
27,833.039,0.241037056
28,833.039,0.248962816
29,833.039,0.2566208
30,833.039,0.264247808
31,833.039,0.271899904
32,833.039,0.280395008
33,833.039,0.288093952
34,833.039,0.299623936
35,833.039,0.307905024
36,833.039,0.31632384
37,833.039,0.324225024
38,833.039,0.332044032
39,833.039,0.339938048
40,833.039,0.348243968
41,833.039,0.35661696
42,833.039,0.367821056
43,833.039,0.376252928
44,833.039,0.383970816
45,848.008,0.39215104
46,848.008,0.401313024
47,848.008,0.409890048
48,848.008,0.417857024
49,848.008,0.425729024
50,848.008,0.433875968
51,848.008,0.442082816
52,848.008,0.45062784
53,848.008,0.458598912
54,848.008,0.466672896
55,848.008,0.474775808
56,848.008,0.482630912
57,848.008,0.490249984
58,848.008,0.498469888
59,848.008,0.50620288
60,848.008,0.51401088
61,848.008,0.521757952
62,848.008,0.529570048
63,848.008,0.537828864
64,848.008,0.545833984
65,848.008,0.55346304
66,848.008,0.562003968
67,848.008,0.569779968
68,894.158,0.578221824
69,894.158,0.586052864
70,894.158,0.593852928
71,894.158,0.60160384
72,894.158,0.609666048
73,894.158,0.617417984
74,894.158,0.625975808
75,894.158,0.633811968
76,894.158,0.641679872
77,894.158,0.649540864
78,894.158,0.657422848
79,894.158,0.665570048
80,894.158,0.674013952
81,894.158,0.683262976
82,894.158,0.692109824
83,894.158,0.700418048
84,894.158,0.708416
85,894.158,0.716193024
86,894.158,0.72486784
87,894.158,0.733072896
88,885.958,0.741026816
89,885.958,0.748921856
90,885.958,0.757259008
91,885.958,0.765664
92,885.958,0.774268928
93,885.958,0.78269696
94,885.958,0.790718976
95,885.958,0.799371008
96,885.958,0.80725888
97,885.958,0.815133952
98,928.984,0.823398912
99,928.984,0.831506944
100,928.984,0.839244032
101,928.984,0.847062016
102,928.984,0.854626816
103,928.984,0.862593024
104,928.984,0.870885888
105,1006.205,0.878873856
106,1006.205,0.886579968
107,1006.205,0.894547968
108,1006.205,0.902488832
109,1006.205,0.910589952
110,1006.205,0.91878784
111,1006.205,0.926694912
112,1006.205,0.934936832
113,1006.205,0.942853888
114,1006.205,0.950646016
115,968.202,0.958899968
116,968.202,0.968006912
117,968.202,0.9769408
118,933.157,0.985549824
119,933.157,0.993459968
120,933.157,1.001107968
121,933.157,1.009441024
122,933.157,1.0171328
123,933.157,1.02493184
124,933.157,1.032720896
125,933.157,1.041441024
126,933.157,1.05064704
127,933.157,1.058956032
128,933.157,1.066786816
129,933.157,1.074635008
130,933.157,1.082405888
131,933.157,1.090247936
132,933.157,1.098087936
133,933.157,1.106488832
134,933.157,1.114798848
135,933.157,1.122646016
136,933.157,1.130416896
137,933.157,1.138192896
138,933.157,1.146546944
139,933.157,1.154296832
140,933.157,1.162139904
141,861.973,1.16992
142,861.973,1.177916928
143,861.973,1.186144
144,759.268,1.193989888
145,759.268,1.20195584
146,759.268,1.209974016
147,759.268,1.217857024
148,759.268,1.226814976
149,759.268,1.236880896
150,759.268,1.246137856
151,759.268,1.255582976
152,759.268,1.263442944
153,781.425,1.271401984
154,781.425,1.279764992
155,781.425,1.287614976
156,781.425,1.295500032
157,743.744,1.303312896
158,743.744,1.311419904
159,743.744,1.319682816
160,743.744,1.327710976
161,743.744,1.335886848
162,743.744,1.343929856
163,743.744,1.35179904
164,743.744,1.360183808
165,743.744,1.368054016
166,747.809,1.376340992
167,747.809,1.384207872
168,747.809,1.392206848
169,747.809,1.400542976
170,747.809,1.408524032
171,747.809,1.41657088
172,747.809,1.42444288
173,747.809,1.432293888
174,747.809,1.440710912
175,747.809,1.448772864
176,747.809,1.456716032
177,747.809,1.464592896
178,747.809,1.472494848
179,765.665,1.481410048
180,765.665,1.490363904
181,765.665,1.498201856
182,765.665,1.505963008
183,765.665,1.515001856
184,787.048,1.523714816
185,787.048,1.531600896
186,787.048,1.539405824
187,787.048,1.547282944
188,787.048,1.555083008
189,787.048,1.563474944
190,787.048,1.571136
191,787.048,1.579126016
192,787.048,1.586759936
193,787.048,1.594836992
194,787.048,1.602725888
195,787.048,1.61124992
196,787.048,1.61914496
197,787.048,1.626974976
198,787.048,1.634651904
199,787.048,1.642700032
200,787.048,1.650427904
201,787.048,1.65831296
202,787.048,1.666757888
203,787.048,1.674640896
204,787.048,1.682498816
205,658.212,1.690428928
206,658.212,1.698273024
207,658.212,1.706182912
208,658.212,1.714144
209,658.212,1.722535936
210,658.212,1.730582016
211,658.212,1.738338816
212,658.212,1.746407936
213,658.212,1.75419904
214,658.212,1.762119936
215,658.212,1.770601984
216,658.212,1.778507008
217,658.212,1.787553024
218,658.212,1.795526912
219,658.212,1.803236864
220,658.212,1.81128192
221,658.212,1.818926848
222,516.064,1.8273088
223,516.064,1.8352448
224,516.064,1.84319104
225,516.064,1.85368704
226,516.064,1.861648896
227,493.112,1.86933888
228,493.112,1.877924864
229,493.112,1.88568704
230,493.112,1.893422848
231,493.112,1.901046016
232,493.112,1.908964864
233,493.112,1.916834048
234,493.112,1.924578048
235,493.112,1.932958976
236,493.112,1.940795904
237,493.112,1.948398848
238,493.112,1.956098048
239,493.112,1.963812864
240,493.112,1.971372032
241,493.112,1.980228864
242,493.112,1.988702976
243,493.112,1.996642816
244,493.112,2.004251904
245,493.112,2.014038016
246,493.112,2.022668032
247,493.112,2.031228928
248,493.112,2.039054848
249,493.112,2.046710016
250,493.112,2.055513856
251,493.112,2.063382016
252,493.112,2.07109504
253,493.112,2.079563008
254,493.112,2.087213824
255,493.112,2.095124992
256,493.112,2.102750976
257,493.112,2.110611968
258,493.112,2.118498048
259,493.112,2.127906048
260,685.017,2.137444864
261,685.017,2.145359872
262,685.017,2.153231872
263,685.017,2.161125888
264,685.017,2.168770816
265,685.017,2.177304832
266,685.017,2.184989952
267,685.017,2.193147904
268,685.017,2.203531008
269,685.017,2.211488
270,685.017,2.219064832
271,685.017,2.227297024
272,685.017,2.235245824
273,685.017,2.243158016
274,685.017,2.25096704
275,685.017,2.26075904
276,695.087,2.270323968
277,695.087,2.2788288
278,695.087,2.288061952
279,695.087,2.296222976
280,663.344,2.304089856
281,555.627,2.312590848
282,448.448,2.320519936
283,448.448,2.328805888
284,448.448,2.336418816
285,448.448,2.344397056
286,448.448,2.35216
287,448.448,2.360025856
288,448.448,2.368523008
289,448.448,2.376880896
290,448.448,2.38482304
291,539.319,2.392822016
292,539.319,2.401110016
293,539.319,2.409025024
294,539.319,2.416743936
295,539.319,2.425595904
296,539.319,2.433292032
297,539.319,2.441336832
298,539.319,2.449574912
299,539.319,2.457376
300,539.319,2.465734912
301,539.319,2.473883904
302,539.319,2.481686016
303,539.319,2.489584896
304,539.319,2.500124928
305,539.319,2.508370944
306,539.319,2.516517888
307,539.319,2.52702592
308,539.319,2.534836992
309,539.319,2.542989056
310,539.319,2.550652928
311,539.319,2.559165952
312,539.319,2.566896896
313,539.319,2.57483904
314,539.319,2.582791936
315,539.319,2.590857984
316,539.319,2.601113856
317,539.319,2.60997888
318,528.642,2.617828864
319,528.642,2.62626304
320,528.642,2.634347008
321,528.642,2.642235904
322,528.642,2.650460928
323,528.642,2.658668032
324,528.642,2.668386048
325,528.642,2.676701952
326,528.642,2.684439808
327,528.642,2.69299584
328,528.642,2.700878848
329,528.642,2.708731904
330,528.642,2.716557824
331,528.642,2.724356864
332,528.642,2.732772864
333,528.642,2.740627968
334,570.378,2.748460032
335,570.378,2.756729856
336,570.378,2.767916032
337,570.378,2.776051968
338,570.378,2.784770048
339,570.378,2.79275392
340,570.378,2.80036992
341,570.378,2.808284928
342,570.378,2.816110848
343,570.378,2.824604928
344,570.378,2.832541952
345,570.378,2.840333056
346,570.378,2.848047872
347,570.378,2.855869952
348,570.378,2.864239872
349,570.378,2.87208704
350,570.378,2.880052992
351,570.378,2.887751936
352,570.378,2.895815936
353,570.378,2.904251904
354,570.378,2.91221888
355,570.378,2.920111872
356,570.378,2.927979008
357,570.378,2.937353984
358,570.378,2.945330944
359,570.378,2.953139968
360,570.378,2.961111808
361,570.378,2.968816896
362,570.378,2.977444864
363,570.378,2.9855168
364,570.378,2.993346048
365,570.378,3.001208832
366,570.378,3.00916992
367,570.378,3.017678848
368,570.378,3.02570496
369,570.378,3.0333888
370,570.378,3.041431808
371,544.824,3.049714944
372,544.824,3.057604864
373,544.824,3.065543936
374,544.824,3.07341696
375,544.824,3.081345024
376,544.824,3.089794816
377,544.824,3.09775104
378,544.824,3.105624832
379,544.824,3.11336704
380,544.824,3.120929024
381,544.824,3.128824832
382,544.824,3.138320896
383,544.824,3.146779904
384,544.824,3.154391808
385,544.824,3.163292928
386,544.824,3.171042816
387,544.824,3.179527936
388,544.824,3.18735488
389,544.824,3.195197952
390,544.824,3.206486016
391,544.824,3.21523584
392,544.824,3.22360704
393,544.824,3.231474944
394,544.824,3.23940096
395,544.824,3.247266816
396,544.824,3.254958848
397,544.824,3.26283904
398,544.824,3.271060992
399,544.824,3.279204864
400,544.824,3.287172864
401,544.824,3.295019008
402,544.824,3.302831872
403,544.824,3.311225856
404,544.824,3.319094016
405,544.824,3.32709888
406,566.547,3.334904832
407,566.547,3.342912
408,566.547,3.351415808
409,566.547,3.359499008
410,566.547,3.36744704
411,566.547,3.37662592
412,566.547,3.385708032
413,566.547,3.394526976
414,580.049,3.402359808
415,580.049,3.411570944
416,580.049,3.420641024
417,580.049,3.428568832
418,580.049,3.436964864
419,580.049,3.444971008
420,580.049,3.452804864
421,580.049,3.460759808
422,580.049,3.468436992
423,580.049,3.477040896
424,580.049,3.484763904
425,580.049,3.492696832
426,580.049,3.500660992
427,580.049,3.508619008
428,580.049,3.517185024
429,539.743,3.525216
430,539.743,3.533054976
431,539.743,3.54112896
432,539.743,3.549614848
433,539.743,3.557902848
434,539.743,3.565933824
435,539.743,3.573842944
436,539.743,3.58176
437,539.743,3.590674944
438,539.743,3.598640896
439,539.743,3.60652288
440,539.743,3.614164992
441,539.743,3.621880832
442,539.743,3.630254848
443,539.743,3.63797504
444,539.743,3.647292928
445,539.743,3.656627968
446,539.743,3.66502784
447,539.743,3.67288192
448,539.743,3.681286912
449,539.743,3.68887296
450,539.743,3.697506816
451,539.743,3.706146816
452,539.743,3.714497024
453,539.743,3.722521856
454,539.743,3.730288896
455,539.743,3.73875584
456,539.743,3.746637824
457,539.743,3.754414848
458,539.743,3.762341888
459,539.743,3.770054912
460,539.743,3.779248896
461,539.743,3.787072
462,539.743,3.79504
463,539.743,3.803372032
464,539.743,3.812116992
465,539.743,3.820508928
466,539.743,3.828429824
467,539.743,3.836221952
468,539.743,3.844315904
469,539.743,3.851905024
470,539.743,3.860600832
471,539.743,3.868289024
472,539.743,3.876496896
473,539.743,3.8842048
474,539.743,3.891948032
475,539.743,3.900386816
476,539.743,3.908263936
477,539.743,3.9159488
478,539.743,3.923767808
479,539.743,3.931661824
480,539.743,3.939896832
481,539.743,3.947792896
482,539.743,3.955412992
483,539.743,3.963358976
484,539.743,3.971154944
485,539.743,3.979586816
486,539.743,3.988055808
487,539.743,3.996715008
488,539.743,4.0046528
489,539.743,4.012545024
490,520.094,4.021779968
491,520.094,4.029724928
492,520.094,4.037362944
493,520.094,4.045204992
494,520.094,4.052824832
495,520.094,4.06125696
496,520.094,4.07099392
497,520.094,4.078887936
498,520.094,4.086667008
499,520.094,4.095059968
500,520.094,4.10376192
501,520.094,4.111718912
502,520.094,4.119390976
503,520.094,4.127276032
504,520.094,4.135522816
505,520.094,4.143488
506,520.094,4.151264
507,520.094,4.15904896
508,520.094,4.166827008
509,520.094,4.17517696
510,520.094,4.18285696
511,520.094,4.190670848
512,532.658,4.198447872
513,532.658,4.206214912
514,532.658,4.214683904
515,532.658,4.222419968
516,532.658,4.230252032
517,532.658,4.238123008
518,532.658,4.245944832
519,532.658,4.254263808
520,532.658,4.262196992
521,532.658,4.269872896
522,532.658,4.277775872
523,532.658,4.285421824
524,532.658,4.293193984
525,532.658,4.30102784
526,532.658,4.309334016
527,532.658,4.317145856
528,532.658,4.325168896
529,532.658,4.332822016
530,532.658,4.340633856
531,532.658,4.34855296
532,567.114,4.356847872
533,567.114,4.364825856
534,567.114,4.372836864
535,567.114,4.380557824
536,567.114,4.388743936
537,567.114,4.397200896
538,567.114,4.405245952
539,567.114,4.414407936
540,567.114,4.42234496
541,567.114,4.430272
542,567.114,4.438062848
543,567.114,4.44638592
544,567.114,4.454096896
545,567.114,4.462660864
546,567.114,4.47052288
547,567.114,4.478649856
548,567.114,4.48674304
549,567.114,4.494685952
550,567.114,4.502334976
551,567.114,4.51087488
552,567.114,4.519227904
553,567.114,4.527289856
554,567.114,4.534978816
555,567.114,4.543909888
556,567.114,4.552596992
557,567.114,4.560870912
558,567.114,4.569446912
559,567.114,4.57743488
560,462.631,4.58528896
561,462.631,4.593139968
562,462.631,4.600837888
563,462.631,4.608909056
564,462.631,4.61715584
565,462.631,4.624988928
566,462.631,4.632855808
567,462.631,4.64143104
568,462.631,4.649405952
569,462.631,4.657207808
570,462.631,4.665513984
571,713.024,4.673337856
572,713.024,4.68121088
573,713.024,4.688993024
574,713.024,4.696897024
575,630.033,4.70457984
576,630.033,4.713259008
577,742.628,4.72123392
578,742.628,4.72921088
579,742.628,4.737157888
580,742.628,4.745234944
581,742.628,4.75376384
582,742.628,4.762183936
583,742.628,4.773620992
584,742.628,4.782291968
585,742.628,4.793761024
586,742.628,4.802169856
587,742.628,4.810199808
588,742.628,4.818892032
589,742.628,4.827264
590,742.628,4.8352448
591,742.628,4.843280896
592,742.628,4.85108992
593,742.628,4.859170816
594,742.628,4.86753792
595,742.628,4.875557888
596,742.628,4.883497984
597,742.628,4.89242496
598,799.648,4.900261888
599,799.648,4.908599808
600,799.648,4.916449024
601,799.648,4.92421888
602,799.648,4.934625024
603,799.648,4.943244032
604,799.648,4.951142912
605,799.648,4.95971584
606,799.648,4.967595008
607,799.648,4.97564288
608,799.648,4.983542016
609,799.648,4.991543808
610,799.648,4.999311872
611,799.648,5.007616
612,799.648,5.015554048
613,799.648,5.023405824
614,799.648,5.03131904
615,799.648,5.039260928
616,799.648,5.047714048
617,799.648,5.05556992
618,799.648,5.063469824
619,799.648,5.071131904
620,799.648,5.079191808
621,799.648,5.086926848
622,799.054,5.095787008
623,799.054,5.106241024
624,799.054,5.115629824
625,799.054,5.123568896
626,799.054,5.131463936
627,799.054,5.13984384
628,799.054,5.147723008
629,799.054,5.155581952
630,799.054,5.163934976
631,733.499,5.171844864
632,733.499,5.180258048
633,733.499,5.188125952
634,733.499,5.196073984
635,733.499,5.203757824
636,733.499,5.211750912
637,733.499,5.219534848
638,733.499,5.228012032
639,733.499,5.236109824
640,733.499,5.244068864
641,733.499,5.251916032
642,733.499,5.259911936
643,733.499,5.268220928
644,759.562,5.27630592
645,759.562,5.283969024
646,759.562,5.29173504
647,759.562,5.299618048
648,759.562,5.307892992
649,759.562,5.315744
650,759.562,5.323617024
651,759.562,5.331847936
652,759.562,5.339612928
653,759.562,5.348110848
654,759.562,5.35584384
655,759.562,5.363996928
656,759.562,5.372164864
657,759.562,5.382617856
658,759.562,5.3914688
659,759.562,5.3993408
660,759.562,5.40713088
661,759.562,5.415181824
662,847.014,5.423118848
663,759.562,5.431494912
664,759.562,5.439622912
665,759.562,5.447471872
666,759.562,5.455382016
667,759.562,5.4659008
668,759.562,5.474886912
669,759.562,5.482738944
670,759.562,5.490736896
671,759.562,5.498625024
672,759.562,5.506471936
673,759.562,5.515678976
674,665.190,5.524829952
675,665.190,5.532662016
676,665.190,5.540539904
677,665.190,5.548915968
678,665.190,5.556772864
679,665.190,5.564674048
680,665.190,5.572860928
681,665.190,5.581369856
682,665.190,5.589835008
683,665.190,5.597833984
684,665.190,5.605591808
685,665.190,5.613670912
686,665.190,5.621413888
687,665.190,5.629954816
688,665.190,5.63785088
689,665.190,5.645762048
690,665.190,5.653636864
691,665.190,5.662543872
692,665.190,5.674196992
693,665.190,5.682584832
694,666.976,5.690509056
695,666.976,5.699382016
696,666.976,5.70743296
697,666.976,5.715308032
698,666.976,5.723488
699,666.976,5.73207296
700,666.976,5.740710912
701,666.976,5.748463872
702,666.976,5.75626496
703,635.690,5.766712832
704,635.690,5.775667968
705,635.690,5.783571968
706,635.690,5.791501824
707,635.690,5.79939584
708,635.690,5.80799488
709,635.690,5.816185856
710,635.690,5.824001024
711,635.690,5.831638016
712,635.690,5.839411968
713,635.690,5.847804928
714,635.690,5.855492864
715,635.690,5.863408896
716,635.690,5.87105792
717,635.690,5.880272896
718,635.690,5.888077824
719,635.690,5.89588096
720,635.690,5.903772928
721,635.690,5.913753856
722,635.690,5.92256896
723,635.690,5.93057792
724,635.690,5.938566912
725,635.690,5.947036928
726,635.690,5.9554368
727,635.690,5.963361024
728,635.690,5.971184896
729,635.690,5.979234816
730,635.690,5.986914048
731,635.690,5.995030016
732,635.690,6.003375872
733,635.690,6.01130496
734,635.690,6.019154944
735,635.690,6.027015936
736,635.690,6.034699008
737,635.690,6.043475968
738,635.690,6.051298816
739,635.690,6.059308032
740,635.690,6.06706304
741,635.690,6.074914816
742,635.690,6.083390976
743,635.690,6.091216896
744,635.690,6.098905856
745,635.690,6.107180032
746,635.690,6.115731968
747,635.690,6.124020992
748,635.690,6.131803904
749,635.690,6.139516928
750,635.690,6.147488
751,635.690,6.155788032
752,635.690,6.163789824
753,635.690,6.171598848
754,635.690,6.180555008
755,635.690,6.188621824
756,635.690,6.197062912
757,635.690,6.204914944
758,621.725,6.212822016
759,621.725,6.22053888
760,621.725,6.230338048
761,621.725,6.240609024
762,621.725,6.248557824
763,621.725,6.257559808
764,552.729,6.265422848
765,552.729,6.273761024
766,552.729,6.282439936
767,552.729,6.291463936
768,552.729,6.299286016
769,552.729,6.307296
770,552.729,6.315853824
771,552.729,6.323762944
772,552.729,6.331597824
773,640.207,6.339876864
774,552.729,6.348158976
775,552.729,6.356754944
776,552.729,6.364751872
777,552.729,6.373303808
778,552.729,6.38344192
779,552.729,6.392214016
780,552.729,6.400128
781,552.729,6.409234944
782,552.729,6.419091968
783,552.729,6.427250944
784,552.729,6.435494912
785,552.729,6.443501824
786,552.729,6.45123584
787,552.729,6.459064832
788,641.133,6.466977024
789,552.729,6.474804992
790,552.729,6.483628032
791,552.729,6.494981888
792,552.729,6.502931968
793,552.729,6.510780928
794,552.729,6.518689024
795,552.729,6.52709888
796,552.729,6.534992896
797,552.729,6.54294784
798,552.729,6.550579968
799,552.729,6.55852288
800,552.729,6.567844864
801,552.729,6.576002816
802,552.729,6.583888896
803,552.729,6.591804928
804,552.729,6.599814912
805,552.729,6.608221952
806,552.729,6.616166912
807,552.729,6.623964928
808,552.729,6.631759872
809,552.729,6.639494912
810,552.729,6.64808192
811,552.729,6.655885824
812,552.729,6.663993856
813,552.729,6.67196288
814,552.729,6.679922944
815,552.729,6.688301824
816,576.715,6.696211968
817,552.729,6.704065024
818,552.729,6.712057856
819,552.729,6.719751936
820,552.729,6.728336896
821,552.729,6.736087808
822,552.729,6.744642816
823,552.729,6.7524928
824,552.729,6.760910848
825,507.951,6.768946944
826,507.951,6.776834048
827,507.951,6.784738048
828,507.951,6.792613888
829,507.951,6.800828928
830,507.951,6.80882304
831,507.951,6.81655296
832,507.951,6.8243008
833,507.951,6.832321024
834,507.951,6.84077696
835,507.951,6.84874496
836,507.951,6.8566208
837,507.951,6.864988928
838,507.951,6.873733888
839,507.951,6.881496832
840,507.951,6.889154816
841,476.115,6.89697792
842,476.115,6.904722944
843,476.115,6.912723968
844,476.115,6.921158912
845,476.115,6.929008896
846,476.115,6.937010944
847,476.115,6.945787904
848,476.115,6.954288896
849,476.115,6.962750976
850,474.546,6.970742016
851,474.546,6.978651904
852,474.546,6.986356992
853,474.546,6.99524992
854,474.546,7.003512832
855,474.546,7.0120768
856,474.546,7.022764032
857,474.546,7.032311808
858,474.546,7.04010496
859,474.546,7.047931904
860,474.546,7.057643008
861,474.546,7.065395968
862,474.546,7.073081856
863,474.546,7.083301888
864,474.546,7.091927808
865,474.546,7.100315904
866,474.546,7.108194048
867,474.546,7.116137984
868,474.546,7.124100864
869,474.546,7.131757824
870,474.546,7.140201984
871,474.546,7.148057856
872,474.546,7.155712
873,474.546,7.163593984
874,474.546,7.171357952
875,474.546,7.179951872
876,474.546,7.187745024
877,474.546,7.195670016
878,474.546,7.203585024
879,474.546,7.211394816
880,474.546,7.21973888
881,474.546,7.227620864
882,474.546,7.23520384
883,474.546,7.243188992
884,474.546,7.25099392
885,474.546,7.260188928
886,474.546,7.268064
887,474.546,7.275862016
888,511.431,7.283657984
889,373.475,7.291591936
890,373.475,7.299746048
891,373.475,7.307681024
892,373.475,7.315586816
893,373.475,7.323405824
894,373.475,7.33129088
895,373.475,7.339579904
896,373.475,7.347453952
897,373.475,7.355318016
898,373.475,7.36304384
899,373.475,7.371175936
900,373.475,7.379117824
901,373.475,7.386867968
902,426.498,7.395799808
903,373.475,7.404384
904,373.475,7.413010944
905,373.475,7.422038016
906,373.475,7.430477056
907,373.475,7.438813952
908,373.475,7.446976
909,373.475,7.455305984
910,373.475,7.465520896
911,340.898,7.473971968
912,340.898,7.482075904
913,340.898,7.490445824
914,340.898,7.498292992
915,340.898,7.506084864
916,340.898,7.51648896
917,340.898,7.525193984
918,340.898,7.534616832
919,340.898,7.54500992
920,340.898,7.552839936
921,340.898,7.56061184
922,345.361,7.568957952
923,340.898,7.576830976
924,340.898,7.586946048
925,340.898,7.595426816
926,340.898,7.603792896
927,340.898,7.611741952
928,340.898,7.619798016
929,340.898,7.627692032
930,311.754,7.635904
931,311.754,7.644231936
932,311.754,7.652152832
933,311.754,7.66032384
934,311.754,7.668114944
935,311.754,7.676445952
936,311.754,7.684615936
937,279.996,7.692900864
938,279.996,7.700630016
939,279.996,7.709084928
940,279.996,7.716830976
941,279.996,7.7245888
942,279.996,7.732487936
943,279.996,7.740763904
944,279.996,7.748914944
945,279.996,7.756916992
946,279.996,7.764637952
947,279.996,7.772453888
948,279.996,7.780357888
949,279.996,7.789094912
950,279.996,7.797043968
951,279.996,7.804813824
952,279.996,7.812814848
953,279.996,7.820567808
954,279.996,7.828439808
955,271.128,7.836775936
956,271.128,7.845871872
957,271.128,7.85504
958,271.128,7.862776832
959,271.128,7.870452992
960,271.128,7.878305024
961,271.128,7.886447872
962,271.128,7.895581952
963,271.128,7.903472896
964,271.128,7.911422976
965,281.727,7.919160832
966,271.128,7.926877952
967,271.128,7.935407872
968,271.128,7.943353856
969,271.128,7.951032832
970,271.128,7.959141888
971,271.128,7.967372032
972,271.128,7.975362048
973,271.128,7.983872
974,271.128,7.991785984
975,271.128,7.999723008
976,271.128,8.007603968
977,271.128,8.015315968
978,271.128,8.023055872
979,271.128,8.031310848
980,271.128,8.03909888
981,271.128,8.04697088
982,271.128,8.054596864
983,271.128,8.062543872
984,271.128,8.070228992
985,271.128,8.078599936
986,271.128,8.086365952
987,271.128,8.094688
988,271.128,8.102829824
989,271.128,8.111524864
990,271.128,8.120226048
991,271.128,8.128851968
992,271.128,8.13667584
993,271.128,8.144606976
994,271.128,8.152422912
995,271.128,8.160317952
996,271.128,8.168087808
997,271.128,8.176476928
998,271.128,8.184248832
999,271.128,8.192137984
1000,271.128,8.19999488
1001,271.128,8.211493888
1002,271.128,8.220068864
1003,271.128,8.227920896
1004,271.128,8.235608832
1005,271.128,8.243420928
1006,271.128,8.251215872
1007,271.128,8.25908096
1008,231.422,8.267309824
1009,204.624,8.275312896
1010,204.624,8.283250944
1011,204.624,8.291021056
1012,204.624,8.29885696
1013,164.629,8.307271936
1014,164.629,8.315059968
1015,164.629,8.322734848
1016,164.629,8.330669824
1017,164.629,8.338635008
1018,164.629,8.346514944
1019,164.629,8.354744832
1020,164.629,8.362652928
1021,164.629,8.370483968
1022,164.629,8.378462976
1023,164.629,8.386118912
1024,164.629,8.394786816
1025,164.629,8.403335936
1026,164.629,8.411991808
1027,164.629,8.419714048
1028,164.629,8.42766592
1029,164.629,8.435396864
1030,164.629,8.443741952
1031,164.629,8.451531008
1032,164.629,8.459276032
1033,163.528,8.466995968
1034,163.528,8.47492992
1035,163.528,8.483149824
1036,163.528,8.490896896
1037,163.528,8.4987328
1038,163.528,8.506797824
1039,163.528,8.514629888
1040,163.528,8.522845952
1041,163.528,8.530524928
1042,163.528,8.538230016
1043,163.528,8.546099968
1044,163.528,8.553752832
1045,163.528,8.563054848
1046,163.528,8.570770944
1047,163.528,8.579755008
1048,163.528,8.587485952
1049,163.528,8.598416896
1050,163.528,8.60757504
1051,163.528,8.61722496
1052,163.528,8.626337024
1053,163.528,8.634137856
1054,163.528,8.642108928
1055,163.528,8.650262016
1056,163.528,8.659597056
1057,163.528,8.668194048
1058,176.257,8.676167936
1059,163.528,8.684055808
1060,204.467,8.692709888
1061,163.528,8.700655872
1062,163.528,8.70905984
1063,163.528,8.717327872
1064,163.528,8.72527104
1065,163.528,8.733505024
1066,163.528,8.741995008
1067,163.528,8.750232832
1068,163.528,8.758299904
1069,163.528,8.766235904
1070,163.528,8.774457856
1071,163.528,8.782610944
1072,162.813,8.79061888
1073,162.813,8.79837696
1074,162.813,8.807670016
1075,162.813,8.81571584
1076,162.813,8.823894016
1077,162.813,8.83413888
1078,162.813,8.842160896
1079,162.813,8.850455808
1080,162.813,8.858466816
1081,169.983,8.866231808
1082,162.813,8.87399296
1083,162.813,8.881995008
1084,162.813,8.890331904
1085,207.551,8.900034048
1086,162.813,8.908332032
1087,162.813,8.916307968
1088,162.813,8.924934912
1089,162.813,8.932823808
1090,162.813,8.940621824
1091,162.813,8.948494848
1092,162.813,8.956332032
1093,162.813,8.964679936
1094,162.813,8.972495872
1095,162.813,8.980494848
1096,162.813,8.98820096
1097,162.813,8.996833024
1098,162.813,9.004472832
1099,162.813,9.012350976
1100,162.813,9.021748992
1101,162.813,9.030232832
1102,162.813,9.038214912
1103,162.813,9.046118912
1104,162.813,9.05397504
1105,162.813,9.062439936
1106,162.813,9.070224896
1107,162.813,9.078274816
1108,162.813,9.085980928
1109,162.813,9.093790976
1110,162.813,9.101645824
1111,162.813,9.110067968
1112,162.813,9.117880832
1113,162.813,9.125852928
1114,162.813,9.133464832
1115,162.813,9.141266944
1116,162.813,9.149165824
1117,162.813,9.15749888
1118,162.813,9.165339904
1119,162.813,9.173060864
1120,162.813,9.180723968
1121,162.813,9.188494848
1122,162.813,9.19627904
1123,162.813,9.20444288
1124,162.813,9.212505856
1125,162.813,9.220237824
1126,162.813,9.228194048
1127,162.813,9.235970048
1128,162.813,9.24387584
1129,162.813,9.25221888
1130,162.813,9.26005888
1131,162.813,9.267723008
1132,162.813,9.27561984
1133,162.813,9.283269888
1134,162.813,9.291164928
1135,162.813,9.299521024
1136,162.813,9.307439872
1137,162.813,9.315262976
1138,162.813,9.323602944
1139,162.813,9.33129984
1140,162.813,9.33913984
1141,162.813,9.347503872
1142,162.813,9.355247872
1143,162.813,9.363251968
1144,162.813,9.37098496
1145,162.813,9.379001856
1146,162.813,9.386878976
1147,162.813,9.396545024
1148,162.813,9.404436992
1149,162.813,9.413293824
1150,162.813,9.42149504
1151,163.199,9.42929792
1152,175.684,9.436892928
1153,162.813,9.4455488
1154,162.813,9.453284864
1155,162.813,9.462217984
1156,108.790,9.469869824
1157,108.790,9.477639936
1158,108.790,9.485377024
1159,108.790,9.49370496
1160,108.790,9.501494016
1161,108.790,9.5093568
1162,108.790,9.517026816
1163,108.790,9.524870912
1164,108.790,9.533228032
1165,108.790,9.541026816
1166,108.790,9.550571008
1167,108.790,9.558583808
1168,108.790,9.566475008
1169,108.790,9.574336
1170,108.790,9.58280192
1171,108.790,9.590806016
1172,108.790,9.598547968
1173,130.654,9.60637696
1174,108.790,9.61432704
1175,108.790,9.62202496
1176,108.790,9.630532864
1177,108.790,9.638183936
1178,108.790,9.646925056
1179,108.790,9.654658816
1180,108.790,9.662987008
1181,108.790,9.671682048
1182,108.790,9.679612928
1183,108.790,9.687382016
1184,108.790,9.695243008
1185,108.790,9.702868992
1186,108.790,9.71128704
1187,108.790,9.719019008
1188,108.790,9.726908928
1189,108.790,9.734848
1190,108.790,9.742711808
1191,108.790,9.750475008
1192,108.790,9.759001856
1193,108.790,9.766822912
1194,108.790,9.774663936
1195,108.790,9.782497024
1196,108.790,9.7904448
1197,108.790,9.79896704
1198,108.790,9.806680832
1199,108.790,9.814542848
1200,108.790,9.822349056
1201,108.790,9.830285056
1202,108.790,9.838789888
1203,108.790,9.846669824
1204,108.790,9.85430784
1205,108.790,9.862260992
1206,108.790,9.869885952
1207,108.790,9.87841792
1208,108.790,9.886205952
1209,108.790,9.894039808
1210,108.790,9.901817856
1211,108.790,9.909835008
1212,108.790,9.918158848
1213,108.790,9.926382848
1214,108.790,9.935225856
1215,108.790,9.943407872
1216,100.736,9.95128192
1217,83.286,9.959833856
1218,83.286,9.96768
1219,83.286,9.975913984
1220,83.286,9.983817984
1221,83.286,9.991645952
1222,83.286,9.999809024
1223,83.286,10.007590912
1224,83.286,10.01539584
1225,83.286,10.023097856
1226,83.286,10.032292864
1227,83.286,10.041108992
1228,83.286,10.048838912
1229,83.286,10.05656192
1230,83.286,10.065156864
1231,83.286,10.073075968
1232,83.286,10.081462016
1233,83.286,10.08921088
1234,83.286,10.097044992
1235,83.286,10.104716032
1236,83.286,10.112659968
1237,83.286,10.120893952
1238,83.286,10.130095872
1239,83.286,10.140636928
1240,83.286,10.148999936
1241,83.286,10.15729792
1242,83.286,10.165284864
1243,83.286,10.173024
1244,83.286,10.180933888
1245,83.286,10.188613888
1246,83.286,10.196834816
1247,83.286,10.204690944
1248,83.286,10.212621056
1249,83.286,10.220169984
1250,83.286,10.228521984
1251,83.286,10.236142848
1252,83.286,10.244313856
1253,83.286,10.252061952
1254,83.286,10.259842816
1255,83.286,10.268217856
1256,83.286,10.276696832
1257,83.286,10.284905984
1258,83.286,10.29361792
1259,83.286,10.3036608
1260,83.286,10.311525888
1261,83.286,10.319104
1262,83.286,10.326982912
1263,83.286,10.335307008
1264,83.286,10.343734016
1265,83.286,10.351380992
1266,70.561,10.359129856
1267,70.561,10.36692096
1268,70.561,10.374718976
1269,70.561,10.382813952
1270,70.561,10.390543872
1271,70.561,10.398294016
1272,70.561,10.40590592
1273,70.561,10.413977856
1274,70.561,10.42219904
1275,70.561,10.430070016
1276,70.561,10.437787904
1277,70.561,10.445721856
1278,70.561,10.453481984
1279,70.561,10.461901056
1280,70.561,10.469670912
1281,70.561,10.477579008
1282,70.561,10.485171968
1283,70.561,10.49289984
1284,70.561,10.501260032
1285,70.561,10.509090816
1286,70.561,10.516728832
1287,70.561,10.524508928
1288,70.561,10.53289088
1289,70.561,10.541239808
1290,70.561,10.549057024
1291,70.561,10.556736
1292,70.561,10.564572928
1293,70.561,10.57226496
1294,70.561,10.58063104
1295,70.561,10.588391936
1296,70.561,10.5961408
1297,70.561,10.603791872
1298,70.561,10.612179968
1299,70.561,10.619853824
1300,70.561,10.627785984
1301,70.561,10.63545984
1302,70.561,10.643244032
1303,66.308,10.651576832
1304,66.308,10.65938304
1305,66.308,10.66720896
1306,66.308,10.6752448
1307,66.308,10.682969856
1308,66.308,10.691145984
1309,66.308,10.700097024
1310,66.466,10.70772992
1311,66.308,10.716788992
1312,66.308,10.725304832
1313,66.308,10.733214976
1314,66.308,10.740998912
1315,66.308,10.748664832
1316,66.308,10.756485888
1317,66.308,10.764796928
1318,66.308,10.772557056
1319,66.308,10.780454912
1320,66.308,10.78820096
1321,66.308,10.796745984
1322,66.308,10.804466944
1323,66.308,10.812230912
1324,66.308,10.820013824
1325,49.649,10.828333824
1326,49.649,10.836139008
1327,49.649,10.84466304
1328,49.649,10.853048832
1329,49.649,10.861039872
1330,49.649,10.869341952
1331,49.649,10.877296896
1332,49.649,10.88501504
1333,49.649,10.892879872
1334,49.649,10.901392896
1335,49.649,10.909254912
1336,49.649,10.916976896
1337,49.649,10.92562304
1338,49.649,10.935294976
1339,49.649,10.943341824
1340,28.916,10.951101952
1341,28.916,10.95924096
1342,28.916,10.967091968
1343,28.916,10.975513856
1344,28.916,10.983366912
1345,28.916,10.99113088
1346,28.916,10.998821888
1347,28.916,11.0071488
1348,28.916,11.014893824
1349,28.916,11.022683904
1350,28.916,11.030518016
1351,28.916,11.03868288
1352,28.916,11.046733824
1353,28.916,11.054402816
1354,28.916,11.062619904
1355,28.916,11.071044864
1356,28.916,11.078946816
1357,28.916,11.086891008
1358,28.916,11.095972864
1359,28.916,11.105528832
1360,28.916,11.113518848
1361,28.916,11.121901824
1362,28.916,11.129766912
1363,28.916,11.137401856
1364,28.916,11.145413888
1365,28.916,11.15306496
1366,28.916,11.161451008
1367,28.916,11.169312
1368,26.381,11.179945984
1369,26.381,11.18863488
1370,26.381,11.196716032
1371,31.524,11.205645824
1372,26.381,11.213647872
1373,26.381,11.221486848
1374,26.381,11.22936192
1375,26.381,11.237149952
1376,26.381,11.245405952
1377,26.381,11.253758976
1378,26.381,11.261999872
1379,26.381,11.269897984
1380,26.381,11.27776
1381,26.381,11.28538496
1382,26.381,11.293126912
1383,26.381,11.30144896
1384,26.381,11.309291008
1385,26.381,11.317058816
1386,26.381,11.324898048
1387,26.381,11.333229824
1388,26.381,11.340939008
1389,26.381,11.349252864
1390,26.381,11.356900864
1391,26.381,11.364622848
1392,59.514,11.37231104
1393,35.837,11.380155904
1394,26.381,11.38779904
1395,26.381,11.396166912
1396,26.381,11.403750912
1397,26.381,11.411571968
1398,26.381,11.419159808
1399,26.381,11.426821888
1400,26.381,11.4346688
1401,26.381,11.442951936
1402,26.381,11.450601984
1403,26.381,11.458452992
1404,26.381,11.467101952
1405,26.323,11.47513984
1406,26.323,11.483463936
1407,26.323,11.491228928
1408,26.323,11.499218944
1409,26.323,11.50703104
1410,26.323,11.514680832
1411,26.323,11.522519808
1412,26.323,11.530864896
1413,26.323,11.53893504
1414,26.323,11.546872832
1415,26.323,11.554520832
1416,26.323,11.564038912
1417,26.323,11.572748032
1418,26.323,11.581314816
1419,26.323,11.592068864
1420,26.323,11.600653056
1421,26.323,11.608614912
1422,26.323,11.6180928
1423,26.323,11.626647808
1424,26.323,11.634242048
1425,26.323,11.641857024
1426,26.323,11.649573888
1427,26.323,11.657915904
1428,26.323,11.66615296
1429,26.323,11.67463296
1430,26.323,11.682542848
1431,26.323,11.690445056
1432,26.323,11.700756992
1433,26.323,11.708964864
1434,26.323,11.717212928
1435,26.323,11.725255936
1436,26.323,11.732967936
1437,26.323,11.740644864
1438,26.323,11.751004928
1439,26.323,11.759948032
1440,26.323,11.767643904
1441,26.323,11.775485952
1442,26.323,11.783575808
1443,26.323,11.791369984
1444,26.323,11.7991488
1445,26.323,11.80745088
1446,26.323,11.815744
1447,26.323,11.82335104
1448,26.323,11.831095808
1449,26.323,11.838637824
1450,26.323,11.847297024
1451,26.323,11.85504384
1452,26.323,11.863421952
1453,26.323,11.871744
1454,26.323,11.880435968
1455,26.323,11.889497856
1456,26.323,11.897275904
1457,26.323,11.904996864
1458,26.323,11.91280384
1459,26.323,11.920397824
1460,26.323,11.928987904
1461,26.323,11.93707904
1462,26.323,11.94537984
1463,26.323,11.956301824
1464,26.323,11.964231936
1465,26.323,11.97250688
1466,26.323,11.98064896
1467,26.323,11.988285952
1468,26.323,11.996112896
1469,26.323,12.00388096
1470,26.323,12.012215808
1471,26.323,12.019789824
1472,26.323,12.02770688
1473,26.323,12.035315968
1474,26.323,12.04304896
1475,26.323,12.051419904
1476,26.323,12.059205888
1477,26.323,12.06700288
1478,26.323,12.075347968
1479,26.323,12.08358784
1480,26.323,12.092080896
1481,26.323,12.099685888
1482,26.323,12.107298048
1483,26.323,12.11520896
1484,34.564,12.123585024
1485,26.323,12.131442944
1486,26.323,12.13901696
1487,26.323,12.146791936
1488,26.323,12.154508032
1489,26.323,12.162829824
1490,26.323,12.174096896
1491,26.323,12.183035904
1492,26.323,12.19215488
1493,26.323,12.202036992
1494,26.323,12.210398976
1495,26.323,12.218112
1496,26.323,12.225884928
1497,26.323,12.233529856
1498,26.323,12.241815808
1499,26.323,12.24958592
1500,26.323,12.257340928
1501,26.323,12.265277952
1502,26.323,12.273538816
1503,26.323,12.281346048
1504,26.323,12.28918784
1505,26.323,12.297024
1506,26.323,12.30463104
1507,26.323,12.312720896
1508,26.323,12.32077184
1509,26.323,12.32872704
1510,26.323,12.336438016
1511,26.323,12.34413184
1512,26.323,12.351820032
1513,26.323,12.360121856
1514,26.323,12.36951296
1515,26.323,12.377728
1516,26.323,12.385387008
1517,26.323,12.393313024
1518,26.323,12.40166784
1519,26.323,12.409688832
1520,26.323,12.417591808
1521,26.323,12.42544
1522,26.323,12.433447936
1523,26.323,12.441794048
1524,26.323,12.449570816
1525,26.323,12.457436928
1526,26.323,12.466128896
1527,26.323,12.474475008
1528,26.323,12.483330048
1529,26.323,12.491213056
1530,26.323,12.498949888
1531,26.694,12.506529024
1532,26.323,12.514383872
1533,26.323,12.522572032
1534,26.323,12.530437888
1535,26.323,12.538222848
1536,26.323,12.547877888
1537,17.932,12.556820992
1538,17.932,12.56505088
1539,17.932,12.57307904
1540,17.932,12.58164096
1541,17.932,12.589268992
1542,17.932,12.597140992
1543,17.932,12.605460992
1544,17.932,12.613474048
1545,17.932,12.621131008
1546,17.932,12.628948992
1547,17.932,12.636809984
1548,17.932,12.645179904
1549,17.932,12.65284096
1550,17.932,12.661266944
1551,17.932,12.669519872
1552,17.932,12.677506048
1553,17.932,12.685820928
1554,17.932,12.694064896
1555,17.932,12.701935872
1556,17.932,12.709645056
1557,17.932,12.718034944
1558,17.932,12.725794048
1559,17.932,12.733528832
1560,17.932,12.741336832
1561,17.932,12.749186048
1562,17.932,12.757609984
1563,17.932,12.765417984
1564,17.932,12.772965888
1565,17.932,12.781099008
1566,17.932,12.789747968
1567,17.932,12.797996032
1568,17.932,12.80591104
1569,17.932,12.813624832
1570,17.932,12.821276928
1571,17.932,12.829917952
1572,17.932,12.839243008
1573,17.932,12.847090944
1574,17.932,12.854688
1575,17.932,12.862514944
1576,17.932,12.872555008
1577,17.932,12.88251904
1578,25.871,12.890227968
1579,17.932,12.898520832
1580,17.932,12.90719104
1581,17.932,12.915072
1582,17.932,12.923232
1583,17.932,12.931326976
1584,17.932,12.93932288
1585,17.932,12.947248896
1586,17.932,12.955032832
1587,17.932,12.962830848
1588,17.932,12.970990848
1589,17.932,12.97928704
1590,17.932,12.987117824
1591,17.932,12.995638016
1592,18.574,13.00384384
1593,17.932,13.012294912
1594,17.932,13.023934976
1595,17.932,13.032045824
1596,17.932,13.03968
1597,29.262,13.048265984
1598,17.932,13.05705984
1599,17.932,13.064964864
1600,41.105,13.072845824
1601,17.932,13.080641024
1602,17.932,13.088324864
1603,17.932,13.097593856
1604,17.932,13.107815936
1605,17.932,13.116438016
1606,17.932,13.124205824
1607,18.142,13.1320128
1608,17.932,13.140706048
1609,17.932,13.14888192
1610,17.932,13.156478976
1611,17.932,13.164460032
1612,17.932,13.172738048
1613,17.932,13.180551936
1614,17.932,13.188338944
1615,18.847,13.19618688
1616,17.932,13.20418688
1617,35.678,13.212568832
1618,17.932,13.22025984
1619,17.932,13.228155904
1620,17.932,13.235924992
1621,17.932,13.243621888
1622,17.932,13.251901952
1623,17.932,13.259805952
1624,17.932,13.267494912
1625,17.932,13.27545088
1626,17.932,13.283179008
1627,17.932,13.291379968
1628,17.932,13.299259904
1629,17.932,13.306976
1630,17.932,13.314854912
1631,17.932,13.323156992
1632,17.932,13.333753856
1633,17.932,13.342374912
1634,17.932,13.350853888
1635,17.932,13.361108992
1636,17.932,13.369711872
1637,17.932,13.377627904
1638,17.932,13.385470976
1639,24.568,13.393675008
1640,17.932,13.402466816
1641,17.932,13.410418944
1642,17.932,13.418144
1643,17.932,13.426148864
1644,17.932,13.434404864
1645,17.932,13.442237952
1646,17.932,13.450173952
1647,17.932,13.457945856
1648,17.932,13.465559808
1649,17.932,13.473272832
1650,17.932,13.481660928
1651,17.932,13.489446912
1652,17.932,13.49728
1653,17.932,13.504884992
1654,11.259,13.512812032
1655,11.259,13.521037824
1656,11.259,13.529051904
1657,11.259,13.537001984
1658,11.259,13.546291968
1659,11.259,13.555910912
1660,11.259,13.564444928
1661,11.259,13.572326912
1662,11.259,13.580336896
1663,11.259,13.588197888
1664,17.352,13.596102912
1665,11.259,13.604313856
1666,11.259,13.612379904
1667,11.259,13.620121856
1668,11.259,13.627970048
1669,11.259,13.635906048
1670,11.259,13.644228864
1671,11.259,13.652052992
1672,11.259,13.660002048
1673,11.259,13.667649024
1674,11.259,13.675469056
1675,11.259,13.683728896
1676,11.259,13.691502848
1677,11.259,13.699337984
1678,11.259,13.707219968
1679,11.259,13.71490304
1680,11.259,13.72336896
1681,11.259,13.731085056
1682,11.259,13.738793984
1683,11.259,13.746681856
1684,11.259,13.754452992
1685,11.259,13.762910976
1686,11.259,13.770676992
1687,11.259,13.778944
1688,11.259,13.7869888
1689,11.259,13.795469824
1690,11.259,13.803449856
1691,11.259,13.811521024
1692,11.259,13.819352832
1693,11.259,13.827422976
1694,11.259,13.835677952
1695,11.259,13.84379904
1696,11.259,13.851492864
1697,11.259,13.859246848
1698,11.259,13.867499008
1699,11.259,13.875357952
1700,11.259,13.883113984
1701,11.259,13.890914816
1702,11.259,13.89872896
1703,11.259,13.90713088
1704,11.259,13.914987008
1705,11.259,13.922724864
1706,11.259,13.930492928
1707,11.259,13.938816
1708,11.259,13.946804992
1709,11.067,13.954797824
1710,11.067,13.962791936
1711,11.067,13.970413824
1712,11.067,13.979045888
1713,11.067,13.986857984
1714,11.067,13.994784
1715,11.067,14.002460928
1716,11.067,14.010786816
1717,11.067,14.01879296
1718,11.067,14.02715392
1719,11.067,14.035021056
1720,11.036,14.042864896
1721,11.036,14.051188992
1722,11.036,14.059245824
1723,8.797,14.067116032
1724,8.129,14.074898944
1725,8.129,14.082864896
1726,8.129,14.091350016
1727,8.129,14.099622912
1728,8.129,14.107425024
1729,8.129,14.115155968
1730,8.129,14.122957056
1731,8.129,14.131305984
1732,8.129,14.13893888
1733,8.129,14.146940928
1734,8.129,14.154611968
1735,8.129,14.162521856
1736,8.129,14.170864896
1737,8.129,14.178765056
1738,8.129,14.186610944
1739,8.129,14.194420992
1740,8.129,14.202163968
1741,8.129,14.210679808
1742,8.129,14.21828992
1743,8.129,14.226379008
1744,8.129,14.236055808
1745,8.129,14.24395904
1746,8.129,14.252032
1747,8.129,14.260083968
1748,8.129,14.267872
1749,8.129,14.275655936
1750,8.129,14.283269888
1751,8.129,14.291698944
1752,8.129,14.299750912
1753,8.129,14.307789824
1754,8.129,14.318839808
1755,8.129,14.327497984
1756,8.129,14.337676032
1757,8.129,14.345756928
1758,8.129,14.353432832
1759,8.129,14.362108928
1760,8.129,14.371692032
1761,8.129,14.379767808
1762,8.129,14.387339008
1763,8.129,14.395264
1764,8.129,14.402958848
1765,8.129,14.41125504
1766,8.129,14.41920384
1767,8.129,14.42698496
1768,8.129,14.4349888
1769,8.129,14.44350592
1770,8.129,14.451170816
1771,6.763,14.459070976
1772,6.763,14.466850816
1773,6.763,14.474809856
1774,6.763,14.48327296
1775,6.763,14.491009024
1776,6.763,14.49899904
1777,6.763,14.507954944
1778,6.763,14.516908032
1779,6.763,14.52472704
1780,7.836,14.532467968
1781,6.763,14.540432896
1782,6.604,14.548884992
1783,6.604,14.557981952
1784,6.604,14.565897984
1785,6.604,14.573668864
1786,6.604,14.581995008
1787,6.604,14.590302976
1788,6.604,14.59824896
1789,6.507,14.605958912
1790,6.507,14.61493504
1791,6.363,14.623617024
1792,6.363,14.631358976
1793,6.363,14.639126016
1794,7.063,14.646914816
1795,6.363,14.655110912
1796,6.363,14.663021824
1797,6.363,14.67058688
1798,6.363,14.678302976
1799,6.363,14.686123008
1800,6.363,14.6945088
1801,6.363,14.702515968
1802,6.363,14.71046784
1803,6.363,14.718094848
1804,6.363,14.725942016
1805,6.363,14.734162944
1806,6.363,14.74197504
1807,6.363,14.749794816
1808,6.363,14.75757184
1809,6.363,14.765239808
1810,6.363,14.773586944
1811,6.363,14.781356032
1812,6.363,14.788951808
1813,6.363,14.796923904
1814,6.363,14.804528896
1815,6.363,14.813011968
1816,6.363,14.820781824
1817,6.363,14.828701952
1818,6.363,14.836512
1819,6.363,14.844353024
1820,6.363,14.852505856
1821,6.446,14.860413952
1822,6.363,14.868110848
1823,6.363,14.875948032
1824,6.363,14.88384
1825,6.363,14.892188928
1826,6.363,14.900059904
1827,6.363,14.907789824
1828,6.363,14.915529984
1829,6.363,14.923241984
1830,6.363,14.93172992
1831,6.363,14.939435008
1832,6.363,14.947522048
1833,6.363,14.955201024
1834,6.363,14.963815936
1835,6.363,14.971557888
1836,10.287,14.980396032
1837,6.363,14.988422912
1838,6.363,14.996289024
1839,6.363,15.004004864
1840,6.363,15.012327936
1841,6.363,15.020023808
1842,6.363,15.027873024
1843,6.363,15.035598848
1844,4.536,15.04345088
1845,4.536,15.051507968
1846,4.536,15.059883008
1847,4.536,15.067707904
1848,4.536,15.075533824
1849,4.536,15.08341888
1850,4.536,15.091237888
1851,4.536,15.09970688
1852,4.536,15.108734976
1853,1.863,15.116741888
1854,1.863,15.124459008
1855,1.884,15.134208
1856,1.863,15.14269184
1857,1.863,15.151301888
1858,1.863,15.159260928
1859,1.863,15.167072
1860,1.863,15.174957824
1861,1.863,15.18274304
1862,1.863,15.190556928
1863,1.863,15.199008
1864,0.741,15.206742016
1865,0.741,15.218317824
1866,0.741,15.226744832
1867,0.741,15.23459584
1868,0.741,15.243586048
1869,0.741,15.252516864
1870,0.741,15.261861888
1871,0.741,15.270969856
1872,0.741,15.280174848
1873,0.741,15.29017984
1874,0.741,15.298735872
1875,0.741,15.308102912
1876,0.741,15.317413888
1877,0.741,15.326475008
1878,0.741,15.33541504
1879,0.741,15.345404928
1880,0.741,15.354395904
1881,0.741,15.362516992
1882,0.741,15.370671872
1883,0.741,15.379522048
1884,0.741,15.38810496
1885,0.741,15.396108032
1886,0.626,15.40391296
1887,0.626,15.41195392
1888,0.626,15.41969792
1889,0.626,15.4282048
1890,0.626,15.436221952
1891,0.626,15.444258816
1892,0.626,15.452267008
1893,0.626,15.460108032
1894,0.626,15.468416
1895,0.626,15.477505024
1896,0.626,15.485349888
1897,0.626,15.493369856
1898,0.626,15.501121024
1899,0.626,15.51010304
1900,0.626,15.517991936
1901,0.626,15.52578304
1902,0.626,15.533669888
1903,0.626,15.541410048
1904,0.626,15.549665024
1905,0.626,15.557536
1906,0.626,15.565341952
1907,0.626,15.573715968
1908,0.626,15.581803008
1909,0.626,15.59174784
1910,0.626,15.599941888
1911,0.626,15.608050944
1912,0.626,15.6168
1913,0.626,15.62533504
1914,0.626,15.633432832
1915,0.626,15.641295872
1916,0.626,15.649284864
1917,0.626,15.657787904
1918,0.616,15.66655488
1919,0.618,15.674816
1920,0.616,15.685144832
1921,0.616,15.69310592
1922,0.616,15.700964864
1923,0.616,15.709517824
1924,0.616,15.717435904
1925,0.616,15.725430016
1926,0.675,15.733142016
1927,0.616,15.741528832
1928,0.616,15.749548032
1929,0.616,15.75725696
1930,0.616,15.765195008
1931,0.616,15.772824832
1932,0.616,15.781189888
1933,0.616,15.789110016
1934,0.616,15.797177856
1935,0.616,15.80486784
1936,0.616,15.813344
1937,0.616,15.821302016
1938,0.616,15.829355008
1939,0.616,15.837598976
1940,0.616,15.845748992
1941,0.616,15.854304
1942,0.616,15.862306048
1943,0.616,15.870338048
1944,0.616,15.878380032
1945,0.401,15.886797824

Error results for GA
---------------------------
0,581.367,0.219840768
1,649.504,0.428715776
2,326.206,0.642846976
3,268.894,0.854506752
4,457.179,1.0581568
5,209.082,1.275090944
6,520.780,1.491222784
7,234.691,1.707654912
8,214.902,1.9266048
9,329.553,2.135658752
10,112.861,2.349819904
11,283.226,2.5576768
12,178.327,2.768107776
13,193.609,2.97473792
14,286.990,3.182848
15,246.999,3.397395968
16,227.456,3.604539904
17,247.958,3.807812864
18,255.261,4.021241856
19,105.842,4.234854912
20,112.861,4.440294912
21,122.757,4.65237888
22,202.729,4.864820992
23,97.715,5.06626176
24,108.236,5.274740992
25,110.919,5.48098688
26,183.705,5.68653184
27,121.469,5.902896896
28,87.843,6.106573824
29,124.320,6.312444928
30,142.783,6.524528896
31,100.188,6.734974976
32,99.585,6.950556928
33,102.296,7.16091776
34,109.833,7.365773824
35,80.850,7.573961984
36,84.278,7.785675008
37,94.200,8.001806848
38,86.080,8.210867968
39,101.224,8.421413888
40,101.257,8.628613888
41,94.217,8.83456896
42,87.981,9.040304896
43,106.537,9.247136768
44,95.182,9.452772864
45,95.438,9.662423808
46,75.983,9.876577792
47,95.023,10.090368768
48,102.840,10.301252864
49,77.741,10.517794816
50,99.585,10.724825856
51,86.449,10.928779008
52,94.306,11.138183936
53,94.306,11.35051392
54,90.307,11.558967808
55,98.070,11.766867968
56,83.286,11.978520832
57,88.317,12.18715776
58,84.086,12.3948608
59,78.592,12.598739968
60,82.888,12.802117888
61,73.893,13.018775808
62,80.934,13.21900288
63,68.534,13.425417984
64,77.563,13.635440896
65,73.893,13.842433792
66,81.746,14.060580864
67,71.129,14.282359808
68,71.514,14.492413952
69,81.746,14.704545792
70,71.211,14.902873856
71,80.934,15.103599872
72,63.922,15.322884864
73,65.799,15.54498688
74,74.602,15.750916864
75,71.129,15.96349696
76,74.509,16.17264384
77,62.681,16.375552
78,49.007,16.588599808
79,66.711,16.801975808
80,45.128,17.003079936
81,49.007,17.213455872
82,57.743,17.418876928
83,40.640,17.635282944
84,41.496,17.836864
85,35.561,18.05000576
86,45.847,18.257513984
87,38.068,18.471382784
88,31.501,18.673259776
89,31.501,18.874118912
90,37.742,19.081421824
91,34.521,19.29360384
92,29.666,19.500354816
93,24.525,19.703051008
94,33.818,19.905776896
95,33.650,20.110862848
96,25.809,20.324409856
97,37.064,20.5278208
98,30.352,20.735621888
99,23.149,20.940320768
100,21.797,21.148214784
101,21.405,21.356623872
102,25.731,21.563716864
103,23.315,21.759393792
104,20.121,21.95965184
105,14.157,22.17095296
106,21.356,22.387655936
107,13.760,22.601622784
108,19.130,22.826918912
109,7.821,23.031040768
110,10.914,23.242625792
111,9.852,23.455924992
112,10.214,23.66866688
113,7.313,23.874096896
114,8.399,24.077235968
115,7.313,24.283126784
116,7.313,24.493145856
117,4.468,24.69977088
118,4.468,24.90190592
119,7.821,25.103495936
120,4.468,25.312728832
121,4.468,25.528532992
122,4.173,25.734236928
123,4.468,25.939955968
124,4.468,26.145240832
125,4.173,26.346987776
126,4.173,26.552243968
127,4.173,26.756178944
128,4.173,26.967904768
129,4.173,27.176421888
130,4.173,27.378795776
131,4.468,27.587232768
132,4.173,27.797277952
133,4.173,28.001846784
134,4.173,28.214246912
135,4.173,28.425476864
136,4.173,28.634077952
137,4.173,28.849741824
138,4.173,29.058601984
139,4.468,29.266443008
140,4.173,29.47409792
141,2.439,29.681194752
142,4.173,29.884357888
143,4.173,30.092020992
144,4.232,30.302793984
145,4.173,30.515140864
146,2.296,30.722454784
147,2.296,30.934914816
148,2.296,31.142448896
149,2.063,31.351808
150,2.296,31.56052992
151,1.986,31.766734848
152,3.880,31.976775936
153,2.048,32.188912896
154,2.296,32.400514816
155,2.296,32.60171392
156,2.296,32.811197952
157,2.048,33.032041984
158,2.048,33.24085376
159,2.296,33.448240896
160,2.079,33.664587008
161,2.296,33.871396864
162,2.296,34.078576896
163,2.048,34.292384
164,2.296,34.500499968
165,2.118,34.708702976
166,2.048,34.91666688
167,2.048,35.125694976
168,2.079,35.328235776
169,2.048,35.535141888
170,2.048,35.735296
171,2.296,35.933526784
172,2.048,36.136686848
173,2.048,36.339577856
174,1.840,36.543451904
175,1.840,36.759454976
176,1.868,36.978451968
177,2.612,37.18144384
178,1.684,37.3916928
179,1.840,37.606457856
180,2.048,37.806332928
181,2.048,38.002375936
182,1.684,38.214814976
183,1.082,38.423483904
184,1.392,38.6272128
185,2.048,38.829515008
186,1.912,39.032713984
187,1.840,39.246195968
188,3.094,39.45074176
189,0.695,39.66095488
190,0.981,39.870575872
191,0.875,40.077171968
192,0.503,40.286148864
193,0.867,40.493942784
194,0.620,40.697199872
195,0.711,40.907374848
196,0.570,41.119703808
197,0.503,41.325735936
198,0.614,41.533275904
199,0.711,41.735369984
200,0.503,41.946777856
201,0.570,42.1543808
202,0.503,42.366896896
203,0.321,42.5720448

Results for RHC: 
Correctly classified 3888.0 instances.
Incorrectly classified 0.0 instances.
Percent correctly classified: 100.000%
Training time: 10.852 seconds
Testing time: 0.011 seconds
Iterations: 1253

Results for SA: 
Correctly classified 3888.0 instances.
Incorrectly classified 0.0 instances.
Percent correctly classified: 100.000%
Training time: 15.887 seconds
Testing time: 0.011 seconds
Iterations: 1945

Results for GA: 
Correctly classified 3888.0 instances.
Incorrectly classified 0.0 instances.
Percent correctly classified: 100.000%
Training time: 42.572 seconds
Testing time: 0.011 seconds
Iterations: 203

