
Error results for RHC
---------------------------
0,231.873,0.095398912
1,231.873,0.128455936
2,231.873,0.145476096
3,231.873,0.158087936
4,231.873,0.168994048
5,231.873,0.17952512
6,231.873,0.189626112
7,231.873,0.19903488
8,197.360,0.209907968
9,197.360,0.22002304
10,197.360,0.229459968
11,215.897,0.240176128
12,174.399,0.249977088
13,174.399,0.259693056
14,174.399,0.26944896
15,174.399,0.278828032
16,174.399,0.288173056
17,174.399,0.298778112
18,174.399,0.308239872
19,174.399,0.317515008
20,174.399,0.326828032
21,174.399,0.336290048
22,174.399,0.345498112
23,174.399,0.354980096
24,174.399,0.364217088
25,174.399,0.374095104
26,174.399,0.384798976
27,174.399,0.394590976
28,174.399,0.403782912
29,174.399,0.41320192
30,174.399,0.425462016
31,174.399,0.435580928
32,174.399,0.445007104
33,174.399,0.45697408
34,174.399,0.466983936
35,174.399,0.476379904
36,189.800,0.487826944
37,174.399,0.497074944
38,174.399,0.506372096
39,174.399,0.515747072
40,174.399,0.524954112
41,174.399,0.534383104
42,174.399,0.543636992
43,174.399,0.552909056
44,174.399,0.562157056
45,174.399,0.572920064
46,174.399,0.582146048
47,174.399,0.591772928
48,166.865,0.602454016
49,166.865,0.612109056
50,166.865,0.621456896
51,166.865,0.630639104
52,166.865,0.642176
53,166.865,0.651837952
54,166.865,0.66337408
55,166.865,0.675076096
56,166.865,0.687318016
57,166.865,0.699580928
58,166.865,0.71183104
59,166.865,0.72412288
60,166.865,0.73627008
61,166.865,0.748290048
62,166.865,0.76057088
63,166.865,0.772188928
64,166.865,0.781347072
65,166.865,0.790543104
66,166.865,0.800026112
67,183.450,0.80928896
68,166.865,0.81923712
69,166.865,0.828409088
70,166.865,0.837651968
71,166.865,0.850119936
72,166.865,0.85998592
73,166.865,0.869467904
74,166.865,0.878738944
75,166.865,0.889078016
76,166.865,0.899230976
77,166.865,0.91088
78,166.865,0.920367104
79,166.865,0.929730048
80,166.865,0.939184128
81,166.865,0.94929792
82,166.865,0.958723072
83,166.865,0.968108032
84,164.585,0.977167104
85,181.118,0.986459904
86,164.585,0.995492096
87,164.585,1.00500096
88,164.585,1.014244096
89,164.585,1.02359296
90,164.585,1.03326592
91,164.585,1.043108096
92,164.585,1.05249408
93,164.585,1.062020096
94,164.585,1.07148288
95,164.585,1.08106496
96,164.585,1.090521088
97,164.585,1.100623872
98,164.585,1.11067904
99,164.585,1.120189952
100,164.585,1.129370112
101,164.585,1.139516928
102,164.585,1.149017088
103,164.585,1.159099904
104,164.585,1.168510976
105,164.585,1.177858048
106,164.585,1.187139072
107,164.585,1.19660288
108,164.585,1.205985024
109,164.585,1.215326976
110,164.585,1.224765952
111,164.585,1.23436288
112,164.585,1.243550976
113,164.585,1.25294208
114,164.585,1.262093056
115,164.585,1.27160704
116,164.585,1.28163712
117,164.585,1.291008
118,164.585,1.30050688
119,164.585,1.309595904
120,164.585,1.319164928
121,164.585,1.328551936
122,164.585,1.337860096
123,164.585,1.347296
124,164.585,1.35669504
125,164.585,1.365961984
126,164.585,1.375268096
127,164.585,1.384483072
128,164.585,1.393776896
129,164.585,1.403236096
130,164.585,1.412411904
131,164.585,1.42297088
132,164.585,1.432944128
133,164.585,1.442063872
134,164.585,1.45150208
135,164.585,1.460907008
136,164.585,1.47021696
137,164.585,1.479408128
138,164.585,1.48864512
139,164.585,1.498000896
140,164.585,1.507386112
141,164.585,1.516771072
142,164.585,1.52612608
143,164.585,1.535536896
144,164.585,1.544869888
145,164.585,1.554275072
146,164.585,1.563523072
147,164.585,1.57285504
148,164.585,1.58280704
149,164.585,1.592162048
150,164.585,1.603228928
151,164.585,1.613232896
152,164.585,1.622505984
153,164.585,1.631869952
154,164.585,1.641223936
155,164.585,1.650480128
156,164.585,1.659774976
157,164.585,1.66917504
158,164.585,1.678493952
159,164.585,1.687964928
160,164.585,1.69719296
161,164.585,1.707757056
162,164.585,1.717295104
163,164.585,1.726482944
164,157.187,1.736491008
165,157.187,1.745828096
166,157.187,1.755172096
167,266.440,1.764388096
168,157.187,1.773628928
169,157.187,1.783014912
170,157.187,1.792286976
171,157.187,1.802290944
172,157.187,1.811855104
173,137.529,1.821242112
174,137.529,1.830467072
175,137.529,1.839809024
176,137.529,1.849062912
177,137.529,1.858435072
178,143.086,1.868198912
179,137.529,1.87899904
180,137.529,1.888485888
181,137.529,1.89780096
182,137.529,1.907202048
183,137.529,1.91726592
184,137.529,1.926934016
185,137.529,1.936281088
186,137.529,1.945656064
187,137.529,1.95513088
188,137.529,1.964317952
189,137.529,1.97397504
190,137.529,1.983195904
191,137.529,1.992363008
192,137.529,2.002196992
193,137.529,2.011394048
194,137.529,2.021499904
195,137.529,2.031158016
196,137.529,2.040463104
197,137.529,2.050115072
198,137.529,2.059866112
199,137.529,2.069327872
200,137.529,2.079236096
201,140.193,2.088722944
202,137.529,2.097944064
203,137.529,2.10920704
204,137.529,2.118747904
205,137.529,2.127830016
206,137.529,2.137180928
207,137.529,2.146352128
208,137.529,2.156312064
209,137.529,2.165786112
210,125.436,2.175645952
211,125.436,2.184980992
212,125.436,2.194208
213,125.436,2.203794944
214,125.436,2.213112064
215,125.436,2.224269056
216,125.436,2.233763072
217,125.436,2.243117056
218,125.436,2.252603904
219,125.436,2.261731072
220,125.436,2.271136
221,125.436,2.280777984
222,125.436,2.290489088
223,125.436,2.299904
224,125.436,2.311035904
225,125.436,2.32062208
226,125.436,2.329782016
227,125.436,2.340436992
228,125.436,2.34991104
229,125.436,2.361574912
230,125.436,2.371875072
231,125.436,2.38191488
232,125.436,2.391179008
233,125.436,2.400482048
234,125.436,2.409871872
235,125.436,2.42011904
236,125.436,2.429616896
237,125.436,2.43994112
238,125.436,2.449929984
239,125.436,2.459436032
240,125.436,2.468937984
241,125.436,2.482201088
242,125.436,2.491772928
243,125.436,2.502339072
244,125.436,2.51343488
245,125.436,2.522788096
246,125.436,2.532342016
247,125.436,2.542040064
248,125.436,2.552004096
249,125.436,2.561317888
250,125.436,2.574317056
251,125.436,2.585285888
252,125.436,2.59532288
253,125.436,2.607073024
254,125.436,2.617428992
255,124.552,2.626736896
256,124.552,2.636140032
257,124.552,2.648634112
258,124.552,2.658369024
259,124.552,2.667659008
260,124.552,2.680079872
261,124.552,2.690262016
262,124.552,2.699760896
263,127.941,2.709412096
264,124.552,2.720988928
265,124.552,2.731696896
266,124.552,2.740969984
267,124.552,2.75035392
268,124.552,2.759474944
269,124.552,2.769401088
270,124.552,2.778544128
271,136.670,2.787986944
272,124.552,2.798505984
273,124.552,2.810764032
274,124.552,2.820214016
275,122.182,2.82936704
276,122.182,2.83893504
277,122.182,2.848257024
278,116.990,2.857597952
279,116.990,2.867049984
280,116.990,2.876446976
281,116.990,2.885997056
282,116.990,2.895779072
283,116.990,2.905216
284,116.990,2.914750976
285,116.990,2.924169984
286,116.990,2.934182912
287,116.990,2.943590912
288,116.990,2.953534976
289,116.990,2.962768896
290,116.990,2.972233984
291,116.990,2.981570048
292,116.990,2.990925056
293,116.463,3.000345088
294,100.696,3.009587968
295,100.696,3.018963968
296,100.696,3.028231936
297,100.696,3.038022912
298,100.696,3.047220992
299,100.696,3.056436992
300,100.696,3.065805056
301,100.696,3.075032064
302,100.696,3.084318976
303,100.696,3.093620992
304,100.696,3.10295296
305,100.696,3.11224192
306,100.696,3.121548032
307,100.696,3.130672128
308,100.696,3.139919872
309,100.696,3.149603072
310,100.696,3.158919936
311,100.696,3.168274944
312,100.696,3.177347072
313,100.696,3.186652928
314,100.696,3.195682048
315,100.696,3.20504192
316,100.696,3.214155008
317,100.696,3.22331392
318,100.696,3.232579072
319,86.860,3.241726976
320,86.860,3.251666944
321,86.860,3.261531904
322,86.860,3.270819072
323,86.860,3.280260096
324,86.860,3.289551104
325,86.860,3.298843904
326,86.860,3.308165888
327,86.860,3.317432064
328,86.860,3.326692096
329,86.860,3.335942912
330,86.860,3.343951104
331,82.179,3.352187904
332,82.179,3.360039936
333,82.179,3.368667904
334,82.179,3.37701504
335,82.179,3.38488192
336,76.838,3.392666112
337,76.838,3.400726016
338,76.838,3.408422912
339,76.838,3.416193024
340,76.838,3.424123904
341,76.838,3.431983104
342,76.838,3.440395008
343,76.838,3.44837888
344,76.838,3.45628288
345,76.838,3.464204032
346,76.838,3.472131072
347,80.444,3.479764992
348,76.838,3.487904
349,76.838,3.495666944
350,76.838,3.504839936
351,76.838,3.51282304
352,76.838,3.521317888
353,76.838,3.529115904
354,76.838,3.536971008
355,76.838,3.544734976
356,76.838,3.552601088
357,76.838,3.560243968
358,76.838,3.56824192
359,76.838,3.575974912
360,76.838,3.583714048
361,76.838,3.591457024
362,76.838,3.599794944
363,76.838,3.607571968
364,76.838,3.615463936
365,76.838,3.623334912
366,76.838,3.631133952
367,76.838,3.639124992
368,76.838,3.647165952
369,76.838,3.654942976
370,76.838,3.662768896
371,75.055,3.670644992
372,75.055,3.682214912
373,75.055,3.690324992
374,68.489,3.69802112
375,68.489,3.705786112
376,68.489,3.71442688
377,68.489,3.725213952
378,68.489,3.733426944
379,68.489,3.74129792
380,68.489,3.749195008
381,68.489,3.756971008
382,68.489,3.765449984
383,68.489,3.773186048
384,68.489,3.780796928
385,68.489,3.788518912
386,68.489,3.796291072
387,68.489,3.804098048
388,68.489,3.812219904
389,68.489,3.82251008
390,68.489,3.830593024
391,68.489,3.83838208
392,68.489,3.84655104
393,68.489,3.854430976
394,121.539,3.862304
395,68.489,3.870412032
396,68.489,3.879015936
397,68.489,3.88704512
398,36.734,3.89492992
399,36.734,3.90277504
400,36.734,3.91063296
401,36.734,3.919066112
402,36.734,3.926876928
403,36.734,3.935011072
404,36.734,3.942913024
405,36.734,3.950770944
406,36.734,3.95868288
407,36.734,3.966797056
408,36.734,3.974994944
409,36.734,3.982774016
410,36.734,3.991060992
411,36.734,3.999034112
412,36.734,4.006870016
413,36.734,4.01463808
414,36.734,4.022509056
415,36.734,4.030179072
416,36.734,4.039224064
417,36.734,4.047552
418,36.734,4.05542912
419,36.734,4.063990016
420,36.734,4.071956992
421,36.734,4.079808
422,36.734,4.088325888
423,36.734,4.096911872
424,36.734,4.104866048
425,36.734,4.112619008
426,36.734,4.120678912
427,36.734,4.12852992
428,36.734,4.136912896
429,36.734,4.144704
430,36.734,4.152564992
431,36.734,4.16033408
432,36.734,4.168378112
433,36.734,4.17875712
434,36.734,4.186625024
435,36.734,4.194329088
436,36.734,4.20408704
437,36.734,4.212359936
438,36.734,4.22033792
439,36.734,4.227988992
440,36.734,4.236289024
441,36.734,4.244986112
442,36.734,4.253497088
443,36.734,4.261276928
444,36.734,4.26981888
445,36.734,4.27791104
446,36.734,4.285885952
447,41.718,4.293579008
448,36.734,4.30164096
449,36.734,4.30936704
450,36.734,4.317487104
451,36.734,4.325694976
452,36.734,4.33355008
453,36.734,4.341974016
454,36.734,4.349750016
455,36.734,4.357435904
456,36.734,4.365180928
457,36.734,4.373504
458,36.734,4.381680128
459,36.734,4.389839104
460,36.734,4.397579008
461,36.734,4.406189056
462,36.734,4.414336
463,36.734,4.422795008
464,36.734,4.43094912
465,36.734,4.440346112
466,36.734,4.449123072
467,36.734,4.457305088
468,36.734,4.465232896
469,36.734,4.473602048
470,36.734,4.481344
471,36.734,4.489153024
472,36.734,4.496873984
473,36.734,4.504804096
474,36.734,4.512527872
475,36.734,4.520496896
476,36.734,4.528297984
477,36.734,4.536632064
478,36.734,4.544580096
479,36.734,4.552425984
480,36.734,4.560114944
481,36.734,4.568216064
482,36.734,4.575940096
483,36.734,4.583939072
484,36.734,4.59216896
485,36.734,4.600115968
486,36.734,4.609434112
487,36.734,4.617363968
488,36.734,4.625308928
489,36.734,4.63364096
490,36.734,4.641935872
491,36.734,4.649865984
492,22.094,4.658114048
493,22.094,4.666084096
494,22.094,4.674045952
495,22.094,4.682028032
496,22.094,4.689883904
497,22.094,4.697661952
498,22.094,4.705371904
499,22.094,4.713895936
500,22.094,4.721886976
501,22.094,4.72971392
502,22.094,4.737516032
503,22.094,4.745115904
504,12.232,4.753179904
505,13.130,4.763579904
506,12.232,4.77324288
507,12.232,4.781062912
508,12.232,4.789289984
509,12.232,4.797573888
510,12.232,4.80612608
511,12.232,4.814691072
512,12.232,4.822843904
513,12.232,4.831283968
514,12.232,4.83905408
515,12.232,4.846774016
516,12.232,4.854675968
517,12.232,4.862418944
518,12.232,4.87031808
519,12.232,4.878028032
520,12.232,4.886580992
521,12.232,4.894456064
522,12.232,4.90234112
523,12.232,4.910319104
524,11.551,4.91837696
525,11.551,4.926145024
526,11.551,4.93408
527,11.551,4.942462976
528,11.551,4.951544064
529,11.551,4.959584
530,11.551,4.967554048
531,11.551,4.97524992
532,11.551,4.983067904
533,11.551,4.990941952
534,11.551,4.999291904
535,11.551,5.00708608
536,11.551,5.014859008
537,11.551,5.023585024
538,11.551,5.031576064
539,11.551,5.039595008
540,11.551,5.047874048
541,11.551,5.056258048
542,11.551,5.063919104
543,11.551,5.071821056
544,11.551,5.07949312
545,11.551,5.08939008
546,11.551,5.098100992
547,11.551,5.107235072
548,11.551,5.115044096
549,11.551,5.122938112
550,11.551,5.130761984
551,11.551,5.138938112
552,11.551,5.146578944
553,11.551,5.154960896
554,11.551,5.162707968
555,11.551,5.170845952
556,13.103,5.178630912
557,11.551,5.188419072
558,11.551,5.197579008
559,11.551,5.205510912
560,11.551,5.21601408
561,11.551,5.22532096
562,11.551,5.233042944
563,11.551,5.241231872
564,11.551,5.25020288
565,11.551,5.259704064
566,15.124,5.268445952
567,11.551,5.276286976
568,11.551,5.284755968
569,11.551,5.292865024
570,11.551,5.300850944
571,11.551,5.30868608
572,11.551,5.317287936
573,11.551,5.325204992
574,11.551,5.333167104
575,11.551,5.341048064
576,11.551,5.348965888
577,11.551,5.356899072
578,11.551,5.365259008
579,11.551,5.37314688
580,11.551,5.38091904
581,11.551,5.391730944
582,11.551,5.400006912
583,11.551,5.407724032
584,11.551,5.416628992
585,11.551,5.42437504
586,21.241,5.43217792
587,11.551,5.440002048
588,11.551,5.447916032
589,11.551,5.455777024
590,11.551,5.464176128
591,11.551,5.471963904
592,11.551,5.479674112
593,11.551,5.487462912
594,11.551,5.495122944
595,11.551,5.503019008
596,11.551,5.511105024
597,11.551,5.519219968
598,11.551,5.526941952
599,11.551,5.534740992
600,11.551,5.542625024
601,11.551,5.550468096
602,11.551,5.558575104
603,11.551,5.566653952
604,11.551,5.574533888
605,11.551,5.58244992
606,11.551,5.590177024
607,20.705,5.597884928
608,11.551,5.60646912
609,13.373,5.614224896
610,11.551,5.621863936
611,11.551,5.629609984
612,11.551,5.637580032
613,11.551,5.646064896
614,11.551,5.65447808
615,11.551,5.662309888
616,11.551,5.670352896
617,11.551,5.67823104
618,11.551,5.686064128
619,11.551,5.694494976
620,11.551,5.702471936
621,11.551,5.710362112
622,11.551,5.718332928
623,11.551,5.726034944
624,11.551,5.73456512
625,11.551,5.742304
626,11.551,5.750157056
627,11.551,5.758109952
628,11.551,5.765968896
629,11.551,5.773772032
630,11.449,5.782170112
631,11.449,5.789897984
632,11.449,5.79767808
633,11.449,5.807491072
634,11.449,5.816527872
635,11.449,5.824832
636,11.449,5.832946944
637,11.449,5.84079104
638,11.449,5.848532992
639,12.090,5.857603072
640,11.449,5.866285056
641,11.449,5.875542016
642,11.449,5.884015104
643,11.449,5.891846912
644,11.449,5.89957504
645,11.449,5.907328
646,11.449,5.91568896
647,11.449,5.923328
648,11.449,5.93096704
649,11.449,5.939290112
650,10.585,5.946948096
651,10.585,5.95569408
652,10.585,5.963440128
653,10.585,5.971308032
654,10.585,5.979006976
655,10.585,5.98675712
656,10.585,5.995084032
657,10.585,6.003119104
658,6.286,6.010750976
659,6.286,6.01872896
660,6.286,6.027087104
661,6.286,6.03591808
662,6.286,6.043620096
663,6.286,6.051436032
664,6.286,6.059259904
665,6.286,6.067052032
666,6.286,6.075248896
667,6.286,6.083288064
668,6.286,6.091228928
669,6.286,6.099362048
670,6.286,6.110153984
671,6.286,6.118800896
672,6.286,6.126621952
673,6.286,6.13515904
674,6.286,6.142988032
675,6.286,6.151062016
676,4.227,6.159297024
677,4.227,6.167548928
678,4.227,6.175524096
679,4.227,6.18344192
680,4.227,6.191087104
681,4.227,6.199702016
682,4.227,6.207801088
683,4.227,6.215696896
684,4.227,6.223478016
685,4.227,6.231808
686,4.227,6.239821056
687,6.145,6.24760192
688,4.227,6.255375104
689,4.227,6.263184896
690,4.227,6.27216512
691,4.227,6.280128
692,4.227,6.287954944
693,4.227,6.29562112
694,4.227,6.303622912
695,4.227,6.311866112
696,4.227,6.31984
697,4.227,6.327728128
698,4.227,6.33583104
699,4.227,6.344278016
700,4.227,6.355021056
701,4.227,6.364192
702,4.227,6.372717056
703,4.227,6.380610048
704,4.227,6.388765952
705,4.227,6.39671808
706,4.227,6.404608
707,4.227,6.412239104
708,4.227,6.42071808
709,4.227,6.428400896
710,4.227,6.43735296
711,4.227,6.445008896
712,4.227,6.452972032
713,4.227,6.461267968
714,4.227,6.469285888
715,4.227,6.477317888
716,4.227,6.485189888
717,4.227,6.492818944
718,4.227,6.501302016
719,4.227,6.509126912
720,4.227,6.518840064
721,4.227,6.527411968
722,4.227,6.536347904
723,4.227,6.545904896
724,4.227,6.555373056
725,4.227,6.563916032
726,4.227,6.572587008
727,4.227,6.580611072
728,4.227,6.588434944
729,4.227,6.596730112
730,4.227,6.604683008
731,4.227,6.614799872
732,4.227,6.622886912
733,4.227,6.63051008
734,4.227,6.640254976
735,4.227,6.648729088
736,4.227,6.656670976
737,4.227,6.665140992
738,4.227,6.673901056
739,4.227,6.681964032
740,4.227,6.689689088
741,4.227,6.697426944
742,4.227,6.705250048
743,4.227,6.713420032
744,4.227,6.721278976
745,4.227,6.728893952
746,4.227,6.737613056
747,4.227,6.745517056
748,4.227,6.753867008
749,4.227,6.761835008
750,4.227,6.769666048
751,4.227,6.777344
752,2.669,6.78528896
753,2.669,6.793598976
754,2.669,6.801538048
755,2.669,6.809284096
756,2.669,6.817099008
757,2.669,6.825351936
758,2.669,6.83309312
759,2.669,6.840774912
760,2.669,6.849387008
761,2.807,6.857181952
762,2.669,6.865666048
763,2.669,6.873776128
764,2.669,6.881549056
765,2.669,6.889447936
766,2.669,6.897765888
767,2.669,6.905773056
768,2.669,6.913665024
769,2.669,6.921291008
770,2.669,6.928973056
771,2.669,6.93685888
772,2.669,6.94525312
773,2.710,6.953328128
774,2.669,6.960931072
775,2.669,6.96864
776,2.669,6.976420096
777,2.669,6.984779008
778,2.669,6.992902912
779,2.669,7.000790016
780,2.669,7.00854912
781,2.669,7.016560896
782,2.669,7.024944896
783,2.669,7.032762112
784,6.658,7.040660992
785,2.669,7.04939904
786,2.669,7.058913024
787,2.669,7.06676096
788,2.669,7.075460096
789,2.669,7.084697088
790,2.669,7.092699904
791,2.669,7.10055296
792,2.669,7.108376064
793,2.669,7.116867072
794,2.669,7.124838912
795,2.669,7.132664064
796,2.669,7.140518912
797,2.669,7.148235008
798,2.669,7.15687296
799,2.669,7.16544896
800,2.669,7.173693952
801,2.669,7.181619968
802,2.669,7.189313024
803,2.646,7.197662976
804,2.646,7.205427968
805,2.646,7.212986112
806,2.646,7.220920064
807,2.646,7.228578048
808,2.646,7.237097984
809,2.646,7.244930048
810,2.646,7.252859904
811,2.646,7.260798976
812,2.646,7.268652032
813,2.646,7.276813056
814,2.646,7.284940032
815,2.646,7.29269504
816,2.646,7.300581888
817,2.646,7.309019904
818,2.646,7.317552128
819,2.351,7.325872896
820,2.351,7.333572096
821,2.351,7.34140288
822,2.351,7.349670912
823,2.351,7.357398016
824,2.351,7.365325056
825,2.351,7.373790976
826,2.351,7.381697024
827,2.351,7.390425088
828,2.351,7.39845504
829,2.351,7.406546944
830,2.351,7.414288896
831,2.351,7.423444992
832,2.304,7.431745024
833,2.304,7.439644928
834,2.304,7.447419904
835,2.304,7.455232
836,2.304,7.463027968
837,2.304,7.470896896
838,2.304,7.478893056
839,2.304,7.48689408
840,2.304,7.494756096
841,2.304,7.502596096
842,2.304,7.51041408
843,2.304,7.518859008
844,2.304,7.526715904
845,2.304,7.534896896
846,2.304,7.54270208
847,2.304,7.550648064
848,2.304,7.558429952
849,2.304,7.566771968
850,2.304,7.574601984
851,2.304,7.58230912
852,2.304,7.589912064
853,2.304,7.59774208
854,2.304,7.606064896
855,2.304,7.61387904
856,2.304,7.621822976
857,2.304,7.629502976
858,2.304,7.637494016
859,2.272,7.646284032
860,2.272,7.65440512
861,2.272,7.662364928
862,2.272,7.670208
863,2.272,7.678091008
864,2.272,7.686018048
865,2.272,7.694475008
866,3.076,7.702447104
867,2.272,7.710245888
868,2.272,7.718038016
869,2.272,7.72584192
870,2.272,7.73425408
871,1.273,7.742085888
872,1.273,7.749871104
873,1.273,7.757651968
874,0.833,7.765519104
875,0.833,7.77410304
876,0.833,7.78200192
877,0.833,7.792396032
878,0.833,7.80088704
879,0.833,7.80864
880,0.833,7.817604096
881,0.833,7.82550912
882,0.833,7.83338496
883,0.833,7.841310976
884,0.833,7.849189888
885,0.833,7.857423104
886,0.833,7.865700096
887,0.833,7.874194944
888,0.833,7.88224
889,0.833,7.890651904
890,0.833,7.899216896
891,0.833,7.907258112
892,0.833,7.91520896
893,0.833,7.923226112
894,1.370,7.93157888
895,0.833,7.939932928
896,0.833,7.947837952
897,0.833,7.955653888
898,0.833,7.96357888
899,0.833,7.971846912
900,0.833,7.97963392
901,0.833,7.98752896
902,0.833,7.995177984
903,0.833,8.003244032
904,0.833,8.012475904
905,0.833,8.02103296
906,0.833,8.028758016
907,0.833,8.036835072
908,0.833,8.045307904
909,0.504,8.053191936
910,0.504,8.061008896
911,0.504,8.069163008
912,0.504,8.076921088
913,0.504,8.085620992
914,0.504,8.093551104
915,0.504,8.101835008
916,0.504,8.110021888
917,0.504,8.118415872
918,0.504,8.126351104
919,0.504,8.134141952
920,0.504,8.141831936
921,0.504,8.150383104
922,0.504,8.15815808
923,0.504,8.166119936
924,0.504,8.174695936
925,0.504,8.182803968
926,0.504,8.190678016
927,0.504,8.199041024
928,0.504,8.207001088
929,0.504,8.215192064
930,0.504,8.22283008
931,0.504,8.230644992
932,0.504,8.239619072
933,0.504,8.251318016
934,0.504,8.259491072
935,0.504,8.26734592
936,0.504,8.275088896
937,0.467,8.283616

Error results for SA
---------------------------
0,305.494,0.008344064
1,305.494,0.017209088
2,305.494,0.026558208
3,305.494,0.035065088
4,305.494,0.044898048
5,305.494,0.054153984
6,305.494,0.063243008
7,305.494,0.072911104
8,305.494,0.081234176
9,305.494,0.089312
10,305.494,0.097119232
11,305.494,0.104941056
12,362.189,0.1133312
13,362.189,0.121452032
14,362.189,0.129304064
15,362.189,0.137150208
16,362.189,0.144999168
17,362.189,0.153172992
18,362.189,0.16098304
19,362.189,0.168820224
20,362.189,0.176681216
21,362.189,0.184457984
22,362.189,0.193000192
23,362.189,0.200929024
24,362.189,0.208932096
25,362.189,0.21658112
26,362.189,0.224904192
27,362.189,0.232893184
28,362.189,0.240858112
29,382.570,0.248756224
30,382.178,0.257021184
31,382.178,0.265396224
32,382.178,0.2734592
33,382.178,0.2811392
34,375.905,0.289167104
35,353.167,0.296899072
36,356.741,0.305336064
37,357.582,0.31341312
38,357.582,0.321324032
39,357.582,0.329250048
40,357.582,0.337160192
41,357.582,0.34564608
42,357.582,0.3536512
43,357.582,0.361572096
44,357.582,0.36932224
45,357.582,0.377730048
46,357.582,0.385417984
47,357.582,0.394040064
48,357.582,0.40185216
49,357.582,0.409691136
50,357.582,0.417489152
51,357.582,0.425336064
52,357.582,0.433709056
53,357.342,0.441673984
54,357.342,0.44934016
55,357.342,0.45902208
56,357.342,0.467524096
57,357.342,0.476102144
58,357.342,0.483775232
59,357.342,0.491613184
60,357.342,0.499376128
61,357.342,0.50725504
62,357.342,0.515604224
63,357.342,0.523465216
64,357.342,0.53467008
65,357.342,0.543435008
66,357.342,0.551334144
67,357.342,0.559591168
68,357.342,0.56731008
69,357.342,0.5753472
70,357.342,0.583085056
71,357.342,0.591094016
72,357.342,0.599380992
73,357.342,0.607238144
74,357.342,0.615316992
75,357.342,0.624056064
76,357.342,0.632776192
77,357.342,0.641225984
78,357.342,0.649620224
79,357.342,0.6576192
80,357.342,0.66535808
81,357.342,0.67340416
82,357.342,0.681690112
83,357.342,0.689676032
84,281.509,0.6974912
85,281.509,0.705321216
86,281.509,0.713236992
87,281.509,0.721594112
88,281.509,0.72925312
89,281.509,0.737037056
90,281.509,0.744914176
91,281.509,0.7526272
92,285.806,0.761580032
93,285.806,0.769316096
94,291.008,0.777336064
95,291.008,0.78502016
96,291.008,0.7928832
97,291.008,0.801536
98,291.008,0.80950912
99,291.008,0.817428992
100,291.008,0.825282048
101,291.008,0.833545216
102,291.008,0.84168704
103,291.008,0.849456128
104,291.008,0.857408
105,291.008,0.865339136
106,291.008,0.875254016
107,291.008,0.88345216
108,291.008,0.891367168
109,291.008,0.89923712
110,291.008,0.90764416
111,291.008,0.915458048
112,291.008,0.92338304
113,291.008,0.931087104
114,291.008,0.938993152
115,291.008,0.947565056
116,291.008,0.955408128
117,291.008,0.96342016
118,291.008,0.971286016
119,291.008,0.979656192
120,291.008,0.987670016
121,291.008,0.995355136
122,291.008,1.00315904
123,291.008,1.011634176
124,291.008,1.019393024
125,291.008,1.027400192
126,291.008,1.035131136
127,291.008,1.043869184
128,291.008,1.052321024
129,291.008,1.061705216
130,291.008,1.069780224
131,291.008,1.077567232
132,291.008,1.08610816
133,291.008,1.094626048
134,291.008,1.10268416
135,291.008,1.110651136
136,291.008,1.119108096
137,291.008,1.127108096
138,291.008,1.136509184
139,291.008,1.144699136
140,291.008,1.152621056
141,291.008,1.160752128
142,291.008,1.169289984
143,291.008,1.177544192
144,291.008,1.185458176
145,291.008,1.193215232
146,291.008,1.201051136
147,291.008,1.209793024
148,291.008,1.218013184
149,291.008,1.225961216
150,265.951,1.23363712
151,265.951,1.241626112
152,265.951,1.25027712
153,265.951,1.258287104
154,265.951,1.26610816
155,265.951,1.27396224
156,265.951,1.281865984
157,265.951,1.290308096
158,265.951,1.298185984
159,265.951,1.306299136
160,265.951,1.314036992
161,265.951,1.321999104
162,265.951,1.33021824
163,265.951,1.337903104
164,265.951,1.34575104
165,265.951,1.353663232
166,265.951,1.364353024
167,268.492,1.372893184
168,268.492,1.380850176
169,268.492,1.388735232
170,268.492,1.39650816
171,268.492,1.404946176
172,268.492,1.412784128
173,268.492,1.420798208
174,259.192,1.428512
175,259.192,1.436344064
176,259.192,1.44475008
177,259.192,1.452477184
178,259.192,1.460272128
179,259.192,1.468105984
180,259.192,1.475916032
181,259.192,1.483963136
182,259.192,1.491897088
183,259.192,1.499517184
184,259.192,1.507412224
185,259.192,1.515682048
186,259.192,1.523615232
187,259.192,1.53163904
188,259.192,1.539582208
189,259.192,1.547354112
190,259.192,1.55531904
191,259.192,1.563956992
192,340.586,1.57198208
193,340.586,1.579838208
194,340.586,1.587670016
195,340.586,1.595608064
196,340.586,1.603938048
197,340.586,1.611862016
198,340.586,1.623355136
199,341.038,1.631476224
200,341.038,1.639389184
201,343.469,1.647839232
202,343.469,1.655993088
203,343.469,1.66376704
204,343.469,1.671774208
205,345.040,1.679704064
206,345.040,1.687937024
207,345.040,1.698700032
208,345.040,1.706898176
209,306.168,1.714751232
210,306.168,1.722925056
211,306.168,1.73093504
212,306.168,1.73949824
213,306.168,1.747382016
214,306.168,1.756201216
215,306.168,1.76572416
216,306.168,1.773522176
217,306.168,1.781830144
218,306.168,1.789611008
219,306.168,1.797298176
220,306.168,1.805615104
221,306.168,1.814129152
222,306.168,1.822686208
223,306.168,1.830717184
224,306.168,1.838706176
225,306.168,1.846633216
226,306.168,1.854522112
227,306.168,1.863090176
228,306.168,1.871369984
229,306.168,1.881908224
230,306.168,1.890188032
231,306.168,1.89816704
232,322.132,1.906518016
233,322.132,1.914303232
234,322.132,1.92210816
235,322.132,1.92983808
236,322.132,1.937782016
237,322.132,1.947272192
238,336.625,1.955366144
239,336.625,1.963362048
240,336.625,1.9730752
241,336.625,1.982406144
242,336.625,1.990498048
243,336.625,1.998257152
244,336.625,2.006072064
245,336.625,2.013977088
246,336.625,2.0222912
247,336.625,2.030592
248,336.625,2.041995008
249,336.625,2.050152192
250,336.625,2.0581312
251,336.625,2.069233152
252,336.625,2.077310208
253,336.625,2.085067008
254,336.625,2.092849152
255,336.625,2.101251072
256,336.625,2.109324032
257,336.625,2.117232128
258,336.625,2.125160192
259,336.625,2.13292416
260,336.625,2.141827072
261,336.625,2.1521792
262,336.625,2.16024704
263,336.625,2.168304128
264,336.625,2.176443136
265,336.625,2.184308992
266,336.625,2.192752128
267,336.625,2.200537088
268,336.625,2.208489216
269,336.625,2.216465152
270,336.625,2.224282112
271,349.471,2.2321152
272,349.471,2.240771072
273,349.471,2.248737024
274,349.471,2.256923136
275,349.471,2.265368064
276,349.471,2.273526016
277,349.471,2.282230016
278,349.471,2.290119168
279,349.471,2.298027008
280,349.471,2.306465024
281,349.471,2.315335168
282,349.471,2.323801088
283,349.471,2.333227008
284,349.471,2.341391104
285,349.471,2.349624064
286,349.471,2.358329088
287,349.471,2.366663168
288,349.471,2.374648064
289,349.471,2.382298112
290,349.471,2.390157056
291,349.471,2.398833152
292,313.452,2.408291072
293,313.452,2.416187136
294,313.452,2.423975168
295,313.452,2.431764224
296,313.452,2.439642112
297,313.452,2.448102144
298,313.452,2.45610624
299,313.452,2.463947008
300,313.452,2.471903232
301,313.452,2.47970304
302,313.452,2.488162048
303,313.452,2.49607808
304,313.452,2.504137216
305,313.452,2.512171008
306,313.452,2.519929088
307,313.452,2.528264192
308,313.452,2.536054016
309,313.452,2.54394112
310,313.452,2.5515712
311,313.452,2.559463168
312,313.452,2.567686144
313,313.452,2.578895104
314,313.452,2.587480064
315,313.452,2.59531008
316,313.452,2.60348416
317,313.452,2.611601152
318,313.452,2.619483136
319,313.452,2.627294208
320,313.452,2.635128064
321,313.452,2.643705088
322,313.452,2.651910144
323,313.452,2.659828992
324,313.452,2.667497216
325,313.452,2.67698816
326,313.452,2.687362048
327,313.452,2.69527424
328,313.452,2.702985216
329,313.452,2.711929088
330,313.452,2.720548096
331,313.452,2.728456192
332,313.452,2.73621504
333,313.452,2.744157184
334,313.452,2.751872
335,313.452,2.76037504
336,313.452,2.768301056
337,313.452,2.776459008
338,313.452,2.784576
339,313.452,2.792585216
340,313.452,2.800743168
341,313.452,2.808832
342,313.452,2.816573184
343,313.452,2.824459008
344,313.452,2.832449024
345,313.452,2.840962048
346,313.452,2.848881152
347,313.452,2.858691072
348,313.452,2.868354048
349,313.452,2.876442112
350,313.452,2.885090048
351,313.452,2.89313408
352,313.452,2.901476096
353,313.452,2.911508992
354,313.452,2.919617024
355,333.455,2.927551232
356,333.455,2.93595904
357,333.455,2.944157184
358,333.455,2.952039168
359,333.455,2.961039104
360,333.455,2.968848128
361,333.455,2.977882112
362,263.203,2.985645056
363,263.203,2.993640192
364,263.203,3.00142208
365,263.203,3.00921216
366,263.203,3.018272
367,263.203,3.02625408
368,263.203,3.034051072
369,263.203,3.042123008
370,263.203,3.05046912
371,263.203,3.058628096
372,263.203,3.066360064
373,263.203,3.074184192
374,263.203,3.082112
375,263.203,3.090673152
376,263.203,3.098523136
377,263.203,3.106354176
378,263.203,3.114112
379,263.203,3.122079232
380,263.203,3.130192128
381,263.203,3.13802624
382,263.203,3.145983232
383,263.203,3.153931008
384,263.203,3.16180608
385,263.203,3.170274048
386,263.203,3.178118144
387,154.234,3.186004224
388,154.234,3.193844992
389,154.234,3.20209408
390,154.234,3.21026816
391,154.234,3.221347072
392,154.234,3.230144
393,153.556,3.238249216
394,153.556,3.246552064
395,153.556,3.254650112
396,153.556,3.262659072
397,153.556,3.270472192
398,153.556,3.280269056
399,153.556,3.288861184
400,153.556,3.296834048
401,153.556,3.304698112
402,153.556,3.3124032
403,153.556,3.324591104
404,153.556,3.332795136
405,153.556,3.341561088
406,153.556,3.349562112
407,153.556,3.358159104
408,153.556,3.366004992
409,153.556,3.373921024
410,153.556,3.381801216
411,153.556,3.389839104
412,153.556,3.398196224
413,153.556,3.406420992
414,153.556,3.414342144
415,153.556,3.422201088
416,153.556,3.430660096
417,153.556,3.438614016
418,153.556,3.446468096
419,153.556,3.454397184
420,153.556,3.462232064
421,153.556,3.470736128
422,153.556,3.4784832
423,153.556,3.486128128
424,153.556,3.494127104
425,153.556,3.501839104
426,181.974,3.512122112
427,181.974,3.520927232
428,181.974,3.528859136
429,181.974,3.536641024
430,187.260,3.544509184
431,192.494,3.552881152
432,192.494,3.560688128
433,192.494,3.568608
434,192.494,3.576551168
435,192.494,3.584256
436,192.494,3.593131008
437,192.494,3.601759232
438,192.494,3.6097792
439,192.494,3.61775616
440,192.494,3.62575104
441,192.494,3.63359104
442,192.494,3.641510144
443,192.494,3.649900032
444,192.494,3.657978112
445,192.494,3.665663232
446,192.494,3.673729024
447,192.494,3.681417984
448,192.494,3.689136128
449,192.494,3.69738624
450,192.494,3.705261056
451,192.494,3.713040128
452,192.494,3.721364992
453,192.494,3.73171712
454,192.494,3.739700224
455,192.494,3.747981056
456,192.494,3.755995136
457,192.494,3.763776
458,192.494,3.771728128
459,192.494,3.779665152
460,192.494,3.787328
461,192.494,3.796246016
462,192.494,3.804406016
463,192.494,3.812381184
464,192.494,3.82032
465,192.494,3.82811904
466,192.494,3.836073216
467,192.494,3.845113088
468,192.494,3.85311104
469,162.442,3.863588096
470,162.442,3.872313088
471,162.442,3.880118016
472,162.442,3.888696064
473,162.442,3.89648512
474,162.442,3.904276224
475,162.442,3.912783104
476,162.442,3.920722176
477,162.442,3.928593152
478,162.442,3.936958208
479,162.442,3.94500224
480,162.442,3.95293312
481,162.442,3.960843008
482,162.442,3.968580096
483,162.442,3.976585984
484,162.442,3.984895232
485,162.442,3.992923136
486,162.442,4.000664064
487,162.442,4.0096512
488,162.442,4.0175232
489,162.442,4.025961216
490,162.442,4.034049024
491,162.442,4.041981184
492,162.442,4.049689088
493,162.442,4.059015168
494,162.442,4.068428032
495,162.442,4.077420032
496,162.442,4.085172992
497,162.442,4.093044224
498,162.442,4.100758016
499,162.442,4.109259008
500,162.442,4.117530112
501,162.442,4.125690112
502,162.442,4.133635072
503,162.442,4.141650176
504,162.442,4.149519104
505,162.442,4.157974016
506,162.442,4.166010112
507,151.859,4.17402112
508,151.859,4.18221312
509,151.859,4.190247168
510,151.859,4.198636032
511,147.370,4.206719232
512,147.370,4.215238144
513,147.370,4.223092224
514,147.370,4.230925056
515,147.370,4.239195136
516,147.370,4.2468672
517,147.370,4.254680064
518,147.370,4.264898048
519,147.370,4.273860096
520,147.370,4.28228224
521,147.370,4.290269184
522,147.370,4.298369024
523,147.370,4.307992064
524,147.370,4.319137024
525,147.370,4.32849024
526,147.370,4.336395008
527,147.370,4.344346112
528,147.370,4.352271104
529,147.370,4.362600192
530,147.370,4.371323136
531,147.370,4.379211008
532,147.370,4.389024
533,147.370,4.397650176
534,147.370,4.405576192
535,147.370,4.414028032
536,147.370,4.422540032
537,147.370,4.433131008
538,147.370,4.442411008
539,147.370,4.450217216
540,147.370,4.458814208
541,147.370,4.466523136
542,147.370,4.474520064
543,147.370,4.4822592
544,147.370,4.490127104
545,147.370,4.49862016
546,147.370,4.506529024
547,147.370,4.51433216
548,147.370,4.524719104
549,147.370,4.534782208
550,271.415,4.542816
551,271.415,4.5508672
552,271.415,4.558817024
553,271.415,4.566640128
554,271.415,4.575303168
555,271.415,4.583055104
556,271.415,4.591051008
557,271.415,4.599286016
558,271.415,4.608230144
559,271.415,4.616201216
560,271.415,4.62434816
561,271.415,4.63233408
562,271.415,4.640210176
563,271.415,4.648647168
564,271.415,4.65659008
565,271.415,4.664383232
566,271.415,4.672589056
567,271.415,4.68091008
568,271.415,4.688944128
569,271.415,4.696780032
570,271.415,4.704641024
571,271.415,4.713138176
572,271.415,4.721072128
573,271.415,4.728801024
574,271.415,4.736766208
575,271.415,4.744667136
576,271.415,4.7529472
577,271.415,4.7608
578,271.415,4.768474112
579,271.415,4.7764992
580,271.415,4.784626176
581,271.415,4.792519168
582,271.415,4.80050304
583,271.415,4.808472064
584,271.415,4.81682304
585,245.506,4.824711168
586,245.506,4.832484096
587,245.506,4.84050304
588,245.506,4.84818816
589,245.506,4.856424192
590,245.506,4.864248064
591,245.506,4.872128
592,245.506,4.879848192
593,245.506,4.888237056
594,245.506,4.896020224
595,245.506,4.903814144
596,245.506,4.9116672
597,245.506,4.920118016
598,245.506,4.928466176
599,245.506,4.9372672
600,245.506,4.947314176
601,245.506,4.957515008
602,245.506,4.965950208
603,245.506,4.974050048
604,245.506,4.981730048
605,245.506,4.989502208
606,245.506,4.997353216
607,245.506,5.005794048
608,245.506,5.014018048
609,245.506,5.02548608
610,245.506,5.0336512
611,245.506,5.041626112
612,245.506,5.049910016
613,245.506,5.058328064
614,245.506,5.066061056
615,245.506,5.075105024
616,245.506,5.082897152
617,245.506,5.090846208
618,245.506,5.099083008
619,245.506,5.110452992
620,245.506,5.118776064
621,245.506,5.126639104
622,245.506,5.134838016
623,245.506,5.142888192
624,245.506,5.150667008
625,245.506,5.158770176
626,245.506,5.166617088
627,245.506,5.175083008
628,245.506,5.183012096
629,245.506,5.191345152
630,245.506,5.199675136
631,245.506,5.207762176
632,245.506,5.21606912
633,245.506,5.224208128
634,245.506,5.231926016
635,245.506,5.240164096
636,245.506,5.24811904
637,245.506,5.256560128
638,245.506,5.2644352
639,245.506,5.272235008
640,245.506,5.280061184
641,245.506,5.28851712
642,245.506,5.296318208
643,245.506,5.304132096
644,245.506,5.312043008
645,245.506,5.319928064
646,245.506,5.329766144
647,245.506,5.337910016
648,245.506,5.346855168
649,245.506,5.354883072
650,245.506,5.363224064
651,245.506,5.371113216
652,245.506,5.378942208
653,245.506,5.386760192
654,245.506,5.397344
655,245.506,5.406831104
656,245.506,5.414756096
657,245.506,5.422569216
658,245.506,5.430366208
659,245.506,5.43894912
660,245.506,5.446902016
661,245.506,5.454823168
662,245.506,5.462669056
663,245.506,5.47041408
664,245.506,5.478856192
665,245.506,5.486800128
666,245.506,5.494522112
667,162.055,5.502302208
668,162.055,5.510160128
669,162.055,5.517823232
670,162.055,5.527019008
671,162.055,5.535583232
672,162.055,5.543687168
673,162.055,5.551395072
674,162.055,5.559966208
675,162.055,5.568258048
676,162.055,5.576246016
677,162.055,5.584143104
678,162.055,5.591997184
679,162.055,5.599736064
680,162.055,5.608557056
681,162.055,5.616539136
682,162.055,5.624589056
683,162.055,5.632355072
684,162.055,5.640176128
685,162.055,5.648931072
686,162.055,5.656820992
687,162.055,5.664850176
688,162.055,5.67281024
689,162.055,5.683277056
690,162.055,5.69195008
691,135.544,5.70002304
692,135.544,5.708062208
693,135.544,5.716555008
694,135.544,5.724513024
695,135.544,5.732811008
696,135.544,5.740852992
697,135.544,5.748585216
698,135.544,5.756422144
699,135.544,5.764726016
700,135.544,5.772707072
701,135.544,5.780852992
702,135.544,5.788832
703,135.544,5.796601088
704,135.544,5.805195008
705,135.544,5.813199104
706,135.544,5.82117504
707,135.544,5.82907008
708,135.544,5.836863232
709,135.544,5.846722048
710,147.773,5.854633216
711,135.544,5.862688
712,135.544,5.870580992
713,135.544,5.879341056
714,135.544,5.887363072
715,135.544,5.895184128
716,135.544,5.903248128
717,135.544,5.911212032
718,135.544,5.919583232
719,135.544,5.927681024
720,135.544,5.936521984
721,135.544,5.944848128
722,135.544,5.95318016
723,131.591,5.961154048
724,131.591,5.968904192
725,131.591,5.976991232
726,131.591,5.984916224
727,131.591,5.993441024
728,131.591,6.001247232
729,131.591,6.0091072
730,131.591,6.016845056
731,131.591,6.025186048
732,131.591,6.033403136
733,131.591,6.04157312
734,131.591,6.049433088
735,131.591,6.057460224
736,131.591,6.06565504
737,61.430,6.073731072
738,61.430,6.082433024
739,61.430,6.090592
740,61.430,6.098500096
741,61.430,6.106790144
742,61.430,6.114806016
743,61.430,6.124382208
744,61.430,6.133146112
745,98.983,6.141281024
746,61.430,6.149588992
747,61.430,6.159140096
748,61.430,6.169240064
749,61.430,6.177218048
750,61.430,6.184992
751,61.430,6.19415808
752,61.430,6.201792
753,61.430,6.210470144
754,61.430,6.218292224
755,61.430,6.226280192
756,61.430,6.234194176
757,61.430,6.242568192
758,61.430,6.250422016
759,61.430,6.258479104
760,61.430,6.269071104
761,61.430,6.277612032
762,61.430,6.286555136
763,61.430,6.294900224
764,61.430,6.303872
765,61.430,6.311755008
766,50.874,6.319564032
767,50.874,6.327567104
768,50.874,6.33575808
769,50.874,6.344493056
770,50.874,6.352370176
771,50.874,6.363945216
772,50.874,6.375523072
773,50.874,6.387033088
774,50.874,6.39792512
775,50.874,6.406884096
776,50.874,6.415188992
777,50.874,6.4234112
778,50.874,6.431628032
779,50.874,6.439590144
780,50.874,6.447892224
781,58.532,6.455792128
782,50.874,6.464766208
783,50.874,6.472864
784,50.874,6.48082304
785,50.874,6.488745216
786,50.874,6.497022208
787,50.874,6.505063168
788,50.874,6.513234176
789,50.874,6.521241088
790,50.874,6.529059072
791,50.874,6.536893184
792,50.874,6.546285056
793,50.874,6.554193152
794,50.874,6.562444032
795,50.874,6.570754048
796,50.874,6.578776064
797,50.874,6.587272192
798,50.874,6.595290112
799,50.874,6.603011072
800,50.874,6.612032
801,50.874,6.621850112
802,50.874,6.629709056
803,50.874,6.638084096
804,50.874,6.646408192
805,50.874,6.654312192
806,50.874,6.662100992
807,52.071,6.670272
808,50.874,6.67890304
809,50.874,6.686733056
810,50.874,6.696364032
811,50.874,6.704807168
812,50.874,6.712705024
813,50.874,6.720829184
814,50.874,6.731610112
815,50.874,6.739953152
816,50.874,6.747903232
817,50.874,6.755934208
818,50.874,6.763759104
819,50.525,6.772180992
820,50.525,6.780079104
821,50.525,6.788583168
822,50.525,6.796649216
823,50.525,6.80448512
824,50.525,6.812207104
825,50.525,6.820568064
826,50.525,6.828916992
827,50.525,6.836774144
828,50.525,6.844737024
829,50.525,6.852427008
830,50.525,6.8609792
831,50.525,6.868822016
832,50.525,6.87686912
833,50.525,6.88503424
834,50.525,6.8929152
835,50.525,6.901332224
836,50.525,6.909208064
837,50.525,6.916909056
838,50.525,6.924905216
839,50.525,6.933394176
840,50.525,6.9420352
841,58.761,6.950032128
842,50.525,6.957828096
843,50.525,6.965737216
844,50.525,6.975167232
845,50.525,6.985001216
846,50.525,6.992992
847,40.835,7.000937216
848,40.835,7.008908032
849,40.835,7.016734208
850,40.835,7.025133056
851,40.835,7.032976128
852,40.835,7.04106112
853,40.835,7.048918016
854,40.835,7.056950016
855,32.697,7.067983104
856,27.049,7.07638016
857,27.049,7.084025088
858,27.049,7.09235712
859,27.049,7.100681984
860,27.049,7.10924416
861,27.049,7.117524224
862,27.049,7.125453056
863,27.049,7.133321984
864,27.049,7.141652992
865,27.049,7.149297152
866,27.049,7.157272064
867,27.683,7.164964096
868,27.049,7.172889088
869,27.049,7.181307136
870,27.049,7.189167104
871,35.175,7.197963008
872,27.049,7.20573312
873,27.049,7.214070016
874,27.049,7.221906176
875,27.049,7.229740032
876,27.049,7.238663168
877,27.049,7.246381056
878,27.049,7.255025152
879,27.049,7.263153152
880,27.049,7.270947072
881,27.049,7.27896704
882,27.049,7.286708224
883,27.049,7.295153152
884,27.049,7.302994176
885,27.049,7.310825216
886,27.049,7.318648064
887,27.049,7.326541056
888,27.049,7.334367232
889,27.049,7.343035136
890,27.049,7.350701056
891,27.049,7.358644224
892,27.049,7.36650624
893,27.049,7.376116992
894,27.049,7.38538112
895,27.049,7.3936192
896,27.049,7.401389056
897,27.049,7.409208064
898,27.049,7.4170112
899,27.049,7.425577216
900,27.049,7.436096
901,27.049,7.444496128
902,27.049,7.452404992
903,29.136,7.4602112
904,27.049,7.468365056
905,27.049,7.476310016
906,27.049,7.484240128
907,27.049,7.492130048
908,27.049,7.500061184
909,27.049,7.50848
910,27.049,7.517793024
911,27.049,7.525684992
912,27.049,7.533517056
913,27.049,7.542567168
914,27.049,7.552322048
915,27.049,7.560214016
916,27.049,7.567953152
917,27.049,7.57593216
918,15.243,7.583597056
919,15.243,7.5921472
920,15.243,7.599872
921,15.243,7.6078592
922,15.243,7.615924224
923,15.243,7.623924224
924,15.243,7.632409088
925,15.243,7.640420096
926,15.243,7.648267008
927,15.243,7.656468224
928,15.243,7.664313088
929,15.243,7.672939008
930,15.243,7.680770048
931,15.243,7.688684032
932,15.243,7.696711168
933,15.243,7.705242112
934,15.243,7.713126144
935,15.243,7.720920064
936,15.243,7.729254144
937,15.243,7.737032192
938,15.243,7.745191168
939,15.243,7.75290112
940,15.243,7.76087808
941,15.243,7.768544
942,15.243,7.777563136
943,15.243,7.785910016
944,19.652,7.793882112
945,15.243,7.80173312
946,15.243,7.809505024
947,15.243,7.81773312
948,15.243,7.825643008
949,15.243,7.833309184
950,15.243,7.841274112
951,15.243,7.849057024
952,15.243,7.857544192
953,15.243,7.865467136
954,30.936,7.873305088
955,15.243,7.881146112
956,15.243,7.889716992
957,15.243,7.897524224
958,15.243,7.90534016
959,15.243,7.913222144
960,17.522,7.920952064
961,15.243,7.929263104
962,15.243,7.9369792
963,15.243,7.945119232
964,15.243,7.953087232
965,15.243,7.96085504
966,15.243,7.969337088
967,15.243,7.9773952
968,15.243,7.985264128
969,15.243,7.993327104
970,15.243,8.003847168
971,16.982,8.01288704
972,15.243,8.02106112
973,15.243,8.032338176
974,15.243,8.04069504
975,24.071,8.048506112
976,15.243,8.05649408
977,15.243,8.064248064
978,15.243,8.07215104
979,15.243,8.080739072
980,15.243,8.088575232
981,15.243,8.096429056
982,15.243,8.106529024
983,15.243,8.116509184
984,15.243,8.12448512
985,15.243,8.132870144
986,15.243,8.140702208
987,15.243,8.14849408
988,15.243,8.156556032
989,15.243,8.164849152
990,15.243,8.172847104
991,15.243,8.181169152
992,15.243,8.189127168
993,14.986,8.19690624
994,14.986,8.205420032
995,14.986,8.213476096
996,15.993,8.221408
997,14.986,8.229812992
998,14.986,8.237650176
999,14.986,8.245474048
1000,13.405,8.2533632
1001,13.405,8.261297152
1002,13.405,8.268980224
1003,13.405,8.277612032
1004,13.405,8.285382144
1005,13.405,8.296351232
1006,13.405,8.30500608
1007,13.405,8.312966144
1008,13.405,8.321332224
1009,13.405,8.329981184
1010,13.405,8.337945088
1011,13.405,8.34575104
1012,13.405,8.353499136
1013,13.419,8.361497088
1014,13.405,8.37002112
1015,13.405,8.37790208
1016,12.962,8.385662208
1017,12.962,8.394959104
1018,12.962,8.402902016
1019,12.962,8.410968064
1020,12.962,8.419163136
1021,12.962,8.427271168
1022,12.962,8.434991104
1023,12.962,8.443056128
1024,12.962,8.45107712
1025,12.962,8.45943424
1026,12.962,8.46762624
1027,12.962,8.478078208
1028,12.962,8.486678016
1029,12.962,8.495212032
1030,12.962,8.503092992
1031,12.962,8.511529216
1032,12.962,8.519303168
1033,12.962,8.528683008
1034,12.962,8.537243136
1035,12.962,8.548833024
1036,12.962,8.55704704
1037,12.962,8.565210112
1038,12.962,8.57335424
1039,12.962,8.581223168
1040,12.962,8.58920704
1041,12.962,8.597103104
1042,12.962,8.605547008
1043,12.962,8.613553152
1044,12.962,8.621494016
1045,12.962,8.62938112
1046,12.962,8.637311232
1047,12.962,8.64575616
1048,12.962,8.653620224
1049,12.962,8.66156416
1050,12.962,8.6694272
1051,12.962,8.67754624
1052,13.459,8.68518912
1053,12.962,8.694196992
1054,12.962,8.702015232
1055,12.962,8.709983232
1056,12.962,8.71780608
1057,12.962,8.727002112
1058,12.962,8.735614208
1059,12.962,8.743600128
1060,12.962,8.751367168
1061,12.962,8.759328
1062,12.962,8.766991104
1063,12.962,8.775453184
1064,12.962,8.7831872
1065,23.182,8.791074048
1066,12.962,8.798974208
1067,12.962,8.806942208
1068,12.962,8.815465216
1069,12.962,8.82360704
1070,12.962,8.831373056
1071,12.748,8.83939712
1072,12.748,8.847906048
1073,12.748,8.856470016
1074,12.748,8.864269056
1075,12.748,8.872830208
1076,12.748,8.880953088
1077,12.748,8.888845056
1078,12.748,8.897382144
1079,12.748,8.905537024
1080,12.748,8.913484032
1081,12.748,8.921612032
1082,12.748,8.929378048
1083,12.748,8.937744128
1084,12.748,8.946074112
1085,12.748,8.953960192
1086,6.131,8.962895104
1087,6.131,8.972582144
1088,6.131,8.981069056
1089,6.131,8.988914176
1090,6.131,8.999497216
1091,6.131,9.00763904
1092,6.131,9.015980032
1093,6.131,9.023858176
1094,6.131,9.031883008
1095,6.131,9.039670016
1096,5.600,9.04734208
1097,4.368,9.055816192
1098,4.245,9.063721216
1099,4.245,9.071700224
1100,4.245,9.079627008
1101,4.245,9.08747008
1102,5.396,9.09535616
1103,4.245,9.104250112
1104,4.245,9.112767232
1105,4.245,9.12064
1106,4.245,9.128486144
1107,4.245,9.136378112
1108,4.245,9.144844032
1109,4.245,9.152836096
1110,4.245,9.160765184
1111,4.245,9.168419072
1112,4.245,9.176484096
1113,4.245,9.184308992
1114,4.245,9.192680192
1115,7.950,9.200547072
1116,4.245,9.208521216
1117,4.245,9.216468992
1118,4.245,9.224873216
1119,3.674,9.235060224
1120,3.674,9.243249152
1121,3.674,9.25117312
1122,3.674,9.259213056
1123,3.674,9.267028992
1124,3.674,9.275567104
1125,3.674,9.283339008
1126,3.674,9.29125504
1127,3.674,9.2991232
1128,3.674,9.306925056
1129,3.674,9.314628096
1130,3.674,9.323412992
1131,3.674,9.331244032
1132,3.674,9.33922816
1133,3.674,9.347094016
1134,3.674,9.354983168
1135,3.674,9.36346112
1136,3.674,9.371354112
1137,3.674,9.379334144
1138,3.674,9.387266048
1139,3.674,9.395147008
1140,3.675,9.403908096
1141,3.674,9.412116992
1142,3.674,9.420175104
1143,3.674,9.428692224
1144,3.674,9.436434176
1145,3.674,9.445063168
1146,3.674,9.452914176
1147,3.674,9.461028096
1148,3.674,9.468868096
1149,3.674,9.476767232
1150,3.674,9.485209088
1151,3.674,9.493129984
1152,3.674,9.501069056
1153,3.674,9.509078016
1154,3.674,9.516801024
1155,3.674,9.525278208
1156,3.674,9.533121024
1157,3.674,9.541174016
1158,3.674,9.549104128
1159,3.674,9.557332992
1160,3.674,9.565974016
1161,3.674,9.573849088
1162,3.674,9.581602048
1163,3.674,9.589805056
1164,3.674,9.598902016
1165,3.674,9.606955008
1166,3.674,9.614882048
1167,3.674,9.622943232
1168,3.674,9.630691072
1169,3.674,9.638982144
1170,3.674,9.648253184
1171,3.674,9.656410112
1172,3.674,9.66452608
1173,3.674,9.672816128
1174,3.674,9.681352192
1175,3.674,9.6899072
1176,3.674,9.69814912
1177,3.674,9.70619008
1178,3.674,9.71812224
1179,3.674,9.726665216
1180,3.674,9.734781184
1181,3.674,9.742605056
1182,3.785,9.750292224
1183,3.674,9.758813184
1184,3.674,9.766513152
1185,3.674,9.774491136
1186,3.674,9.782283008
1187,3.674,9.790770176
1188,3.674,9.798791168
1189,3.468,9.806763008
1190,3.468,9.814626048
1191,3.468,9.82244608
1192,3.468,9.830770176
1193,3.468,9.838854144
1194,3.468,9.846654208
1195,3.468,9.854408192
1196,3.468,9.862384128
1197,3.468,9.870610176
1198,3.468,9.878710016
1199,3.468,9.886456064
1200,3.468,9.895412224
1201,3.468,9.90345216
1202,3.468,9.911849216
1203,3.468,9.919866112
1204,3.468,9.927812096
1205,3.468,9.935552
1206,3.468,9.943944192
1207,3.468,9.95224704
1208,3.468,9.961000192
1209,3.468,9.968815104
1210,3.468,9.979034112
1211,3.468,9.987510016
1212,3.468,9.995894016
1213,3.468,10.003752192
1214,3.468,10.01282304
1215,3.468,10.020943104
1216,3.468,10.02897408
1217,3.468,10.037409024
1218,3.468,10.045622016
1219,3.468,10.053830144
1220,3.468,10.062311168
1221,3.468,10.07028608
1222,3.468,10.081332224
1223,3.468,10.089681152
1224,3.468,10.097428992
1225,3.468,10.105460992
1226,3.468,10.113282048
1227,3.468,10.121787136
1228,3.468,10.129652992
1229,3.468,10.137350144
1230,3.468,10.146196992
1231,3.468,10.157374208
1232,3.468,10.165988096
1233,3.468,10.17410304
1234,3.468,10.181955072
1235,3.468,10.189773056
1236,3.468,10.198102016
1237,3.468,10.205976064
1238,3.468,10.213778176
1239,3.468,10.222292992
1240,1.084,10.23024
1241,1.084,10.238808064
1242,1.084,10.246672128
1243,1.084,10.254507008
1244,1.084,10.263372032
1245,1.084,10.271252224
1246,1.084,10.28000512
1247,1.084,10.28798208
1248,1.084,10.295862016
1249,1.084,10.303777024
1250,1.084,10.312539136
1251,1.084,10.322051072
1252,1.084,10.329935104
1253,1.084,10.337868032
1254,1.084,10.345958144
1255,1.084,10.353865984
1256,1.084,10.36246912
1257,1.084,10.370271232
1258,1.084,10.378441216
1259,1.084,10.386185984
1260,1.084,10.393983232
1261,1.084,10.402404096
1262,1.084,10.410377216
1263,1.084,10.418185216
1264,1.084,10.426112
1265,1.084,10.43378304
1266,1.084,10.442394112
1267,1.084,10.450494208
1268,1.084,10.45851008
1269,0.232,10.466427136

Error results for GA
---------------------------
0,242.887,0.205394944
1,367.760,0.410384896
2,276.723,0.61923712
3,463.227,0.835036928
4,293.926,1.040365056
5,515.099,1.248743936
6,338.451,1.450765056
7,387.911,1.66095104
8,352.116,1.868806912
9,365.795,2.078430976
10,146.779,2.292326912
11,258.372,2.495970048
12,266.086,2.70382208
13,339.017,2.913115136
14,154.430,3.116852992
15,156.832,3.327545088
16,207.942,3.532321024
17,201.070,3.745977088
18,274.915,3.958535936
19,214.915,4.168315136
20,128.194,4.383375104
21,132.788,4.589327104
22,117.924,4.79088896
23,109.969,5.001289984
24,186.042,5.215052032
25,149.245,5.423636992
26,154.517,5.637438976
27,122.065,5.851041024
28,124.553,6.066695936
29,122.996,6.27957504
30,107.542,6.487458048
31,102.210,6.696999936
32,151.358,6.907280128
33,97.658,7.111055104
34,107.918,7.316768
35,122.087,7.528152064
36,90.758,7.741196032
37,91.591,7.959928064
38,171.334,8.169741056
39,74.308,8.375120896
40,99.814,8.59286912
41,71.375,8.802821888
42,108.147,9.020461056
43,81.521,9.22509696
44,70.576,9.428605952
45,138.596,9.64178304
46,108.515,9.847069952
47,70.576,10.05863296
48,73.479,10.268531968
49,87.491,10.468677888
50,56.198,10.673529088
51,70.495,10.884012032
52,49.094,11.095045888
53,70.495,11.306403072
54,69.678,11.514494976
55,73.487,11.723326976
56,60.319,11.93979392
57,75.893,12.145851136
58,50.266,12.362052096
59,53.675,12.55992704
60,52.431,12.779849984
61,53.738,12.993249024
62,53.738,13.208304128
63,52.475,13.420587008
64,50.896,13.62145408
65,50.896,13.831138048
66,30.548,14.03815808
67,50.896,14.240491008
68,54.661,14.445891072
69,50.325,14.656257024
70,28.518,14.864294144
71,28.518,15.070307072
72,53.738,15.28615808
73,29.796,15.497603072
74,30.548,15.702128128
75,27.788,15.913511936
76,28.518,16.119980032
77,53.738,16.32656512
78,39.149,16.529446912
79,32.697,16.732568064
80,27.788,16.935282944
81,28.518,17.140043008
82,27.788,17.345944064
83,29.770,17.544711936
84,28.518,17.754819072
85,28.518,17.959716096
86,28.518,18.162366976
87,23.900,18.376687104
88,28.518,18.586336
89,27.788,18.79767296
90,28.518,19.01296896
91,28.518,19.23343104
92,28.518,19.442419968
93,35.294,19.648595968
94,23.900,19.86071296
95,27.788,20.05966208
96,28.518,20.272880128
97,28.518,20.475216128
98,28.518,20.692080128
99,21.045,20.902064128
100,27.788,21.106778112
101,28.518,21.31713408
102,28.518,21.529658112
103,28.518,21.73135104
104,27.788,21.933171968
105,27.788,22.13963392
106,15.224,22.348883968
107,23.281,22.553067008
108,27.788,22.76104704
109,17.580,22.965113088
110,32.451,23.176624896
111,27.788,23.380609024
112,11.671,23.59451904
113,14.023,23.810683136
114,11.671,24.024560896
115,11.671,24.231608064
116,19.381,24.435940096
117,11.671,24.650525952
118,16.176,24.86363392
119,19.381,25.073543936
120,11.671,25.279405056
121,12.150,25.489212928
122,11.671,25.713388032
123,14.023,25.936435968
124,11.671,26.138630912
125,14.023,26.35089408
126,11.671,26.574635008
127,11.671,26.794198016
128,11.671,27.004549888
129,13.892,27.204692992
130,11.671,27.41716608
131,11.671,27.62355712
132,11.671,27.841840128
133,11.671,28.06832
134,8.630,28.274547968
135,7.364,28.485821952
136,11.671,28.695677952
137,8.630,28.899879936
138,8.285,29.102626048
139,11.671,29.307923968
140,7.364,29.519787008
141,8.285,29.727657984
142,6.180,29.932041984
143,3.330,30.139970048
144,3.916,30.350004992
145,3.472,30.562267136
146,3.330,30.780610048
147,7.364,30.998386944
148,3.472,31.199995136
149,3.330,31.41790208
150,3.330,31.630597888
151,3.916,31.83818496
152,4.136,32.054508032
153,3.330,32.26291712
154,2.432,32.469530112
155,3.330,32.676435968
156,3.330,32.891113984
157,3.330,33.098891008
158,2.904,33.304641024
159,2.102,33.525513984
160,3.330,33.727948032
161,2.904,33.93847296
162,2.015,34.143362048
163,2.015,34.346251008
164,2.015,34.547628032
165,1.682,34.755553024
166,2.015,34.961344
167,1.682,35.171290112
168,2.015,35.372064
169,1.682,35.574968064
170,1.682,35.787346944
171,1.682,35.997978112
172,1.682,36.208701952
173,1.682,36.420868096
174,2.015,36.622202112
175,1.755,36.837147136
176,2.015,37.04471808
177,1.682,37.263320064
178,1.682,37.468742912
179,2.015,37.673771008
180,1.682,37.886828032
181,1.682,38.099408128
182,1.068,38.310031104
183,1.682,38.518008064
184,1.068,38.730909952
185,1.682,38.935931904
186,1.068,39.145008128
187,1.068,39.353136896
188,1.068,39.566368
189,1.170,39.773699072
190,1.186,39.983005952
191,0.752,40.196656896
192,1.068,40.406416128
193,1.068,40.617652992
194,1.170,40.83125504
195,0.841,41.040393984
196,1.068,41.258124032
197,0.841,41.478900992
198,0.984,41.684786944
199,0.841,41.895963904
200,1.716,42.103648
201,0.591,42.305645056
202,1.068,42.518576128
203,0.841,42.728474112
204,0.562,42.934268928
205,0.626,43.140496896
206,0.357,43.354550016

Results for RHC: 
Correctly classified 3888.0 instances.
Incorrectly classified 0.0 instances.
Percent correctly classified: 100.000%
Training time: 8.284 seconds
Testing time: 0.011 seconds
Iterations: 937

Results for SA: 
Correctly classified 3888.0 instances.
Incorrectly classified 0.0 instances.
Percent correctly classified: 100.000%
Training time: 10.467 seconds
Testing time: 0.011 seconds
Iterations: 1269

Results for GA: 
Correctly classified 3888.0 instances.
Incorrectly classified 0.0 instances.
Percent correctly classified: 100.000%
Training time: 43.355 seconds
Testing time: 0.012 seconds
Iterations: 206

