
Error results for RHC
---------------------------
0,690.037,0.097252864
1,690.037,0.130745856
2,690.037,0.14802688
3,690.037,0.160638976
4,690.037,0.171393024
5,690.037,0.181897984
6,690.037,0.19203584
7,690.037,0.201506816
8,690.037,0.212286976
9,722.296,0.222136832
10,690.037,0.231396864
11,690.037,0.240582912
12,690.037,0.249890048
13,690.037,0.25903104
14,690.037,0.26827904
15,690.037,0.277403904
16,690.037,0.28656384
17,690.037,0.297228032
18,690.037,0.306603008
19,690.037,0.31578496
20,690.037,0.32654592
21,690.037,0.336569856
22,690.037,0.34565888
23,690.037,0.354950912
24,690.037,0.36416384
25,690.037,0.373348864
26,690.037,0.384086016
27,690.037,0.393203968
28,690.037,0.402349824
29,690.037,0.41160704
30,690.037,0.422656
31,690.037,0.432880896
32,690.037,0.444588032
33,690.037,0.453939968
34,680.124,0.464918016
35,680.124,0.476108032
36,680.124,0.485788928
37,680.124,0.494945024
38,636.326,0.504334848
39,636.326,0.5133568
40,636.326,0.522672896
41,636.326,0.531885056
42,636.326,0.54110592
43,636.326,0.55041792
44,636.326,0.559456
45,636.326,0.570136832
46,636.326,0.57931904
47,636.326,0.588404992
48,636.326,0.600365056
49,636.326,0.610615808
50,636.326,0.620353024
51,636.326,0.629494016
52,636.326,0.642281984
53,636.326,0.651632896
54,636.326,0.663070976
55,636.326,0.67573888
56,636.326,0.688050944
57,636.326,0.700768
58,642.628,0.713037824
59,636.326,0.725349888
60,636.326,0.737593856
61,636.326,0.749669888
62,636.326,0.761592832
63,636.326,0.773134848
64,636.326,0.782323968
65,636.326,0.792114944
66,636.326,0.80166784
67,636.326,0.811085824
68,636.326,0.820434944
69,636.326,0.831879936
70,636.326,0.841325824
71,636.326,0.850502912
72,636.326,0.859716864
73,636.326,0.86917888
74,636.326,0.878333952
75,636.326,0.887727872
76,636.326,0.896868864
77,636.326,0.906424832
78,636.326,0.915643904
79,636.326,0.925391872
80,636.326,0.934989824
81,636.326,0.946700032
82,636.326,0.956118016
83,636.326,0.965559808
84,636.326,0.97512704
85,636.326,0.984409856
86,636.326,0.993598976
87,636.326,1.003874048
88,628.319,1.014066944
89,628.319,1.024143872
90,628.319,1.037510912
91,628.319,1.046757888
92,628.319,1.056342016
93,628.319,1.065582848
94,628.319,1.074914048
95,628.319,1.087543808
96,628.319,1.096928
97,628.319,1.106418944
98,677.721,1.116662016
99,628.319,1.126092032
100,628.319,1.135549952
101,628.319,1.14586496
102,628.319,1.155213824
103,628.319,1.164321024
104,628.319,1.17364992
105,628.319,1.183959808
106,628.319,1.192984832
107,628.319,1.202466048
108,628.319,1.211792896
109,628.319,1.220942848
110,654.343,1.23006592
111,628.319,1.24054784
112,628.319,1.249883904
113,628.319,1.259174912
114,628.319,1.269057024
115,628.319,1.279088896
116,628.319,1.288599808
117,628.319,1.29801088
118,628.319,1.307632896
119,628.319,1.317033984
120,628.319,1.326177024
121,628.319,1.335689984
122,628.319,1.345185024
123,628.319,1.354454016
124,628.319,1.363736832
125,628.319,1.373056
126,628.319,1.382334976
127,628.319,1.391689984
128,628.319,1.400932864
129,628.319,1.412338944
130,628.319,1.42186496
131,628.319,1.431056896
132,628.319,1.441267968
133,628.319,1.45071488
134,628.319,1.45976704
135,628.319,1.469711872
136,628.319,1.479365888
137,628.319,1.48861184
138,628.319,1.502007808
139,628.319,1.51127296
140,628.319,1.520673024
141,612.972,1.529932032
142,612.972,1.539414016
143,612.972,1.548728832
144,612.972,1.558014976
145,612.972,1.567458048
146,586.073,1.576676864
147,586.073,1.588048896
148,586.073,1.599385856
149,586.073,1.609644032
150,586.073,1.619414016
151,586.073,1.62864896
152,586.073,1.638127872
153,514.359,1.647588864
154,514.359,1.656892928
155,514.359,1.66634496
156,514.359,1.675810048
157,514.359,1.68504192
158,514.359,1.694288896
159,514.359,1.703725056
160,514.359,1.713039872
161,514.359,1.722626048
162,514.359,1.731766016
163,514.359,1.741687808
164,514.359,1.751202816
165,514.359,1.763499008
166,514.359,1.77375104
167,514.359,1.783723008
168,514.359,1.793284864
169,514.359,1.802469888
170,514.359,1.811756032
171,514.359,1.821174016
172,514.359,1.830268928
173,514.359,1.84042496
174,514.359,1.850430976
175,514.359,1.861782016
176,514.359,1.871305984
177,514.359,1.88072704
178,514.359,1.8906368
179,514.359,1.900553984
180,514.359,1.910210048
181,514.359,1.919657984
182,514.359,1.928854016
183,514.359,1.9383168
184,514.359,1.947426816
185,514.359,1.957453824
186,514.359,1.967297024
187,514.359,1.9776128
188,514.359,1.986848
189,514.359,1.996068864
190,514.359,2.005357824
191,514.359,2.014977024
192,514.359,2.024578816
193,514.359,2.035181824
194,514.359,2.044477952
195,514.359,2.053984
196,514.359,2.06306688
197,514.359,2.073092864
198,514.359,2.082535936
199,514.359,2.091760896
200,514.359,2.101165824
201,514.359,2.110334976
202,514.359,2.119563008
203,514.359,2.129110016
204,514.359,2.138260992
205,514.359,2.147780864
206,522.295,2.157225984
207,514.359,2.167126016
208,514.359,2.176409856
209,514.359,2.18581504
210,514.359,2.194980864
211,514.359,2.204308992
212,510.175,2.213334016
213,510.175,2.222665984
214,510.175,2.232204032
215,510.175,2.241568
216,510.175,2.25091584
217,510.175,2.260231936
218,510.175,2.26975104
219,510.175,2.278948864
220,510.175,2.288236032
221,510.175,2.29810304
222,510.175,2.30735104
223,467.761,2.317569024
224,467.761,2.328665856
225,467.761,2.338607872
226,467.761,2.347653888
227,467.761,2.357037056
228,467.761,2.36628992
229,467.761,2.37634688
230,467.761,2.385648896
231,467.761,2.394690048
232,467.761,2.404123904
233,467.761,2.413455872
234,467.761,2.425097984
235,467.761,2.435152896
236,541.135,2.444699904
237,467.761,2.454146816
238,467.761,2.463184896
239,467.761,2.472605952
240,467.761,2.481793024
241,467.761,2.491064832
242,467.761,2.500358912
243,467.761,2.50954496
244,467.761,2.518862848
245,467.761,2.52793984
246,467.761,2.537372928
247,467.761,2.546668032
248,467.761,2.556471808
249,467.761,2.565852928
250,467.761,2.575246848
251,467.761,2.584495872
252,467.761,2.593755904
253,467.761,2.603855872
254,467.761,2.61304192
255,467.761,2.622424832
256,467.761,2.631664896
257,467.761,2.643652864
258,467.761,2.654131968
259,467.761,2.663862016
260,467.761,2.672984832
261,467.761,2.683097856
262,467.761,2.692374016
263,467.761,2.701604864
264,452.956,2.710877952
265,452.956,2.721197056
266,452.956,2.730255872
267,452.956,2.740550912
268,452.956,2.749817856
269,452.956,2.759006976
270,452.956,2.768411904
271,452.956,2.777533952
272,452.956,2.787036928
273,452.956,2.796781056
274,452.956,2.806724864
275,452.956,2.816059904
276,452.956,2.825321984
277,452.956,2.834489856
278,452.956,2.84372096
279,452.956,2.852925952
280,452.956,2.862269952
281,452.956,2.871687936
282,566.963,2.881716992
283,452.956,2.890990848
284,452.956,2.900310016
285,452.956,2.911341056
286,452.956,2.92075904
287,452.956,2.929972992
288,452.956,2.939218944
289,452.956,2.9488128
290,452.956,2.958189824
291,452.956,2.967463936
292,452.956,2.976833024
293,452.956,2.985943808
294,447.008,2.995088896
295,447.008,3.004581888
296,447.008,3.013730816
297,447.008,3.023723008
298,447.008,3.033131008
299,435.074,3.04241792
300,435.074,3.05183104
301,435.074,3.060932864
302,435.074,3.070419968
303,435.074,3.07939584
304,435.074,3.08872192
305,435.074,3.097779968
306,435.074,3.10695296
307,435.074,3.116109824
308,435.074,3.125729024
309,435.074,3.13517696
310,435.074,3.144396032
311,435.074,3.15367296
312,435.074,3.167042048
313,435.074,3.176589824
314,435.074,3.186286848
315,435.074,3.195374848
316,435.074,3.204695808
317,435.074,3.213838848
318,435.074,3.223003904
319,435.074,3.23235584
320,435.074,3.242153984
321,435.074,3.251613952
322,435.074,3.26097792
323,435.074,3.270254848
324,411.497,3.279566848
325,411.497,3.29121792
326,411.497,3.30127104
327,411.497,3.310434048
328,411.497,3.319897856
329,345.605,3.329014016
330,345.605,3.338395904
331,345.605,3.346521856
332,345.605,3.356525824
333,345.605,3.36490496
334,345.605,3.372692992
335,345.605,3.380310016
336,345.605,3.388194048
337,345.605,3.395920896
338,345.605,3.40443392
339,345.605,3.41249792
340,345.605,3.420353024
341,345.605,3.42877696
342,345.605,3.436781056
343,345.605,3.44507392
344,345.605,3.45299584
345,345.605,3.46095104
346,345.605,3.468760832
347,345.605,3.476450048
348,345.605,3.484249856
349,345.605,3.494201856
350,345.605,3.502661888
351,328.042,3.510646016
352,328.042,3.518862848
353,328.042,3.526436864
354,290.688,3.534379008
355,290.688,3.542046976
356,290.688,3.549817856
357,290.688,3.558018816
358,290.688,3.565980928
359,293.338,3.573712896
360,290.688,3.58147584
361,304.504,3.58914688
362,290.688,3.597515008
363,290.688,3.605348864
364,290.688,3.613038848
365,290.688,3.620898816
366,290.688,3.628510976
367,290.688,3.636353024
368,290.688,3.64408704
369,290.688,3.652425984
370,290.688,3.660622848
371,290.688,3.668545024
372,290.688,3.67664
373,290.688,3.68461696
374,290.688,3.692224
375,290.688,3.699943936
376,290.688,3.707799808
377,290.688,3.715542016
378,290.688,3.723236864
379,290.688,3.73096704
380,290.688,3.738713856
381,295.235,3.746488832
382,285.838,3.75498496
383,285.838,3.762587904
384,285.838,3.770484992
385,285.838,3.77818496
386,285.838,3.78607104
387,285.838,3.793744896
388,291.481,3.801732864
389,285.838,3.809346816
390,431.026,3.817181952
391,285.838,3.827646976
392,285.838,3.83584384
393,285.838,3.843442944
394,319.395,3.851115008
395,285.838,3.858843904
396,285.838,3.866648832
397,285.838,3.874209024
398,285.838,3.881897984
399,285.838,3.88963584
400,285.838,3.897787904
401,285.838,3.905771008
402,285.838,3.913431808
403,285.838,3.921079808
404,285.838,3.928748032
405,285.838,3.936473856
406,285.838,3.944028928
407,285.838,3.952167936
408,285.838,3.959992832
409,285.838,3.968087808
410,338.660,3.976293888
411,285.838,3.985604864
412,285.838,3.994594048
413,285.838,4.002428928
414,285.838,4.010210048
415,285.838,4.01816704
416,285.838,4.026292992
417,285.838,4.034049024
418,285.838,4.042290944
419,285.838,4.050177024
420,285.838,4.057938944
421,285.838,4.065634048
422,285.838,4.073623808
423,285.838,4.081391872
424,285.838,4.089164032
425,285.838,4.096973824
426,285.838,4.104825856
427,285.838,4.11307392
428,285.838,4.120914944
429,284.303,4.128513024
430,284.303,4.136512
431,284.303,4.144244992
432,284.303,4.15201792
433,284.303,4.159745024
434,284.303,4.168363008
435,284.303,4.177229824
436,284.303,4.185558016
437,284.303,4.193257984
438,284.303,4.201140992
439,284.303,4.208766976
440,284.303,4.21647104
441,284.303,4.224386816
442,284.303,4.232109056
443,284.303,4.239725056
444,284.303,4.248146944
445,284.303,4.255959808
446,284.303,4.263556864
447,284.303,4.271488
448,284.303,4.279131904
449,196.171,4.28683904
450,196.171,4.294597888
451,196.171,4.30240896
452,196.171,4.310758912
453,196.171,4.31863296
454,196.171,4.326396928
455,196.171,4.334337024
456,196.171,4.342109952
457,196.171,4.349902848
458,196.171,4.357686016
459,196.171,4.365491968
460,195.586,4.373661952
461,195.586,4.382082816
462,195.586,4.389721856
463,195.586,4.397522944
464,195.586,4.405336832
465,195.586,4.413410048
466,195.586,4.421638912
467,195.586,4.429359872
468,195.586,4.437732864
469,195.586,4.445622016
470,195.586,4.453276928
471,195.586,4.4608128
472,195.586,4.468827904
473,195.586,4.477165824
474,195.586,4.48501888
475,195.586,4.492687872
476,195.586,4.50126592
477,195.586,4.511054848
478,195.586,4.51903488
479,195.586,4.526900992
480,195.586,4.534636032
481,187.257,4.542253824
482,167.611,4.550114048
483,167.611,4.557872896
484,167.611,4.56618496
485,167.611,4.574096896
486,167.611,4.581944832
487,167.611,4.589797888
488,167.611,4.59748096
489,167.611,4.605313024
490,167.611,4.613209856
491,167.611,4.622311936
492,167.611,4.630236928
493,167.611,4.639085056
494,167.611,4.647001856
495,167.611,4.654908928
496,167.611,4.66248704
497,167.611,4.670360832
498,167.611,4.680137984
499,167.611,4.688883968
500,167.611,4.696729856
501,167.611,4.704731904
502,167.611,4.712605952
503,167.611,4.720633856
504,167.611,4.728404992
505,167.611,4.736226816
506,167.611,4.744364032
507,167.611,4.752493056
508,167.611,4.760427008
509,191.309,4.768313856
510,167.611,4.7761408
511,167.611,4.784564992
512,167.611,4.79264384
513,167.611,4.801142016
514,167.611,4.808918016
515,167.611,4.816978944
516,167.611,4.827412992
517,167.611,4.83552
518,167.611,4.843228928
519,167.611,4.851198976
520,167.611,4.859535872
521,167.611,4.86746496
522,167.611,4.875282944
523,167.611,4.883058944
524,167.611,4.894068992
525,167.611,4.902637056
526,167.611,4.910396928
527,167.611,4.919100928
528,167.611,4.928371968
529,121.944,4.936315904
530,121.944,4.944108032
531,121.944,4.951900928
532,121.944,4.959565824
533,121.944,4.968082944
534,132.708,4.975698944
535,121.944,4.983469824
536,121.944,4.991484928
537,121.944,4.999343872
538,121.944,5.007173888
539,121.944,5.01497984
540,121.944,5.023220992
541,121.944,5.031118848
542,121.944,5.039017984
543,121.944,5.046788864
544,121.944,5.054800896
545,121.944,5.062436864
546,121.944,5.07090304
547,121.944,5.07896192
548,121.944,5.087463936
549,121.944,5.09541504
550,121.944,5.103246848
551,121.944,5.110917888
552,121.944,5.118960896
553,121.944,5.127406848
554,121.944,5.135316992
555,121.944,5.143021824
556,121.944,5.150732032
557,121.944,5.15842688
558,121.944,5.166105856
559,121.944,5.174790912
560,121.944,5.182739968
561,121.944,5.190597888
562,121.944,5.198274816
563,121.944,5.209698048
564,121.944,5.218007808
565,121.944,5.226263808
566,121.944,5.234203904
567,121.944,5.241965824
568,121.944,5.249708032
569,121.944,5.25771904
570,121.944,5.26544384
571,121.944,5.273637888
572,121.944,5.281414912
573,121.944,5.289181952
574,121.944,5.29677184
575,121.944,5.305620992
576,121.944,5.31347584
577,121.944,5.322040832
578,121.944,5.330484992
579,121.944,5.338465024
580,121.944,5.346393856
581,121.944,5.354270976
582,121.944,5.362102016
583,121.944,5.369922048
584,121.944,5.378036992
585,121.944,5.386028032
586,121.944,5.393718016
587,121.944,5.401890816
588,121.944,5.409868032
589,121.944,5.417646848
590,121.944,5.427468032
591,97.910,5.437277952
592,97.910,5.445021952
593,99.073,5.452850944
594,92.003,5.460709888
595,97.453,5.468997888
596,92.003,5.476742912
597,92.003,5.484688896
598,96.723,5.492293888
599,92.003,5.500016896
600,92.003,5.507823872
601,92.003,5.516151808
602,92.003,5.526511872
603,92.003,5.534620928
604,92.003,5.54242688
605,92.003,5.550127872
606,92.003,5.55771904
607,92.003,5.56624384
608,92.003,5.574017024
609,92.003,5.58168192
610,92.003,5.589548032
611,92.003,5.597140992
612,92.003,5.60506496
613,92.003,5.613351936
614,92.003,5.621152
615,92.003,5.628888832
616,92.003,5.636786944
617,92.003,5.646112
618,92.003,5.65486592
619,92.003,5.662803968
620,92.003,5.670809856
621,92.003,5.678571008
622,92.003,5.686473984
623,92.003,5.694099968
624,92.003,5.702295808
625,92.003,5.710448896
626,92.003,5.71812096
627,92.003,5.725723904
628,92.003,5.733743872
629,92.003,5.742153984
630,92.003,5.749799936
631,92.003,5.76080896
632,92.003,5.769080832
633,92.003,5.77677184
634,119.310,5.785136896
635,92.003,5.793730048
636,94.086,5.803672832
637,92.003,5.812512
638,92.003,5.820301824
639,92.003,5.828428032
640,92.003,5.836733952
641,92.003,5.844531968
642,92.003,5.852237824
643,92.003,5.859781888
644,92.003,5.867526912
645,92.003,5.875693824
646,92.003,5.883494912
647,92.003,5.891366912
648,92.003,5.899046912
649,92.003,5.908059904
650,92.003,5.915979008
651,92.003,5.924015872
652,92.003,5.931693056
653,92.003,5.939457024
654,92.003,5.947375872
655,92.003,5.955225856
656,92.003,5.96359296
657,92.003,5.971483904
658,96.396,5.97927296
659,92.003,5.98701184
660,92.003,5.994754048
661,92.003,6.00308992
662,92.003,6.010818816
663,92.003,6.01872
664,92.003,6.026420992
665,92.003,6.034267904
666,92.003,6.042781952
667,82.536,6.0506368
668,82.536,6.058369024
669,82.536,6.066114816
670,82.536,6.076793856
671,82.536,6.085368832
672,82.536,6.093043968
673,82.536,6.100669952
674,82.536,6.108496896
675,82.536,6.11631488
676,82.536,6.124920832
677,82.536,6.132839936
678,82.536,6.140681984
679,82.536,6.148390912
680,82.536,6.157879808
681,82.536,6.165696
682,82.536,6.173363968
683,82.536,6.181121024
684,82.536,6.188844032
685,82.536,6.197004032
686,82.536,6.204944896
687,82.536,6.2125568
688,82.536,6.22137088
689,82.536,6.228999936
690,98.338,6.237378816
691,82.536,6.245276928
692,82.536,6.25316992
693,82.536,6.261106944
694,82.536,6.269570816
695,82.536,6.277164032
696,82.536,6.285095936
697,82.536,6.292731904
698,82.536,6.30125696
699,82.536,6.310548992
700,82.536,6.318738944
701,82.536,6.326569984
702,82.536,6.335122944
703,82.536,6.343955968
704,82.536,6.351934976
705,82.536,6.359808
706,82.536,6.367727872
707,82.536,6.376588032
708,82.536,6.384587008
709,82.536,6.392180992
710,82.536,6.399876864
711,82.536,6.41074304
712,82.536,6.418940928
713,82.536,6.42754688
714,82.536,6.43552896
715,82.536,6.443326976
716,82.536,6.451236864
717,82.536,6.459055872
718,82.536,6.467439872
719,82.536,6.47512704
720,116.148,6.482959872
721,82.536,6.490644992
722,82.536,6.498187008
723,82.536,6.507469824
724,82.536,6.51517696
725,90.333,6.52310784
726,82.536,6.530742016
727,82.536,6.538557952
728,82.536,6.546908928
729,82.536,6.554759936
730,82.536,6.562881024
731,82.536,6.573124864
732,82.536,6.581149952
733,82.536,6.589309952
734,82.536,6.59689984
735,82.536,6.604909824
736,82.536,6.61269888
737,82.536,6.620364032
738,82.536,6.628719872
739,82.536,6.636590848
740,82.536,6.644244992
741,82.536,6.651980032
742,82.536,6.659540992
743,82.536,6.667915008
744,82.536,6.675851008
745,82.536,6.683739904
746,82.536,6.691649024
747,82.536,6.69944192
748,82.536,6.707673856
749,82.536,6.715422976
750,82.536,6.723191808
751,82.536,6.734657024
752,82.536,6.74358784
753,82.536,6.75191296
754,82.536,6.760041984
755,82.536,6.76960896
756,82.536,6.779287808
757,79.914,6.7875968
758,79.914,6.795346944
759,79.914,6.80464384
760,79.914,6.813977856
761,79.914,6.821742848
762,79.914,6.830360832
763,79.914,6.839557888
764,79.914,6.847757824
765,79.914,6.857230848
766,79.914,6.865762048
767,95.017,6.873840896
768,79.914,6.881606912
769,79.914,6.8894848
770,79.914,6.897673984
771,79.914,6.905591808
772,79.914,6.91331584
773,79.914,6.921112832
774,79.914,6.928834048
775,79.914,6.937517824
776,59.496,6.945388032
777,59.496,6.95453184
778,68.497,6.965394944
779,59.496,6.974018816
780,59.496,6.982462976
781,59.496,6.990238976
782,59.496,6.997878016
783,59.496,7.005774848
784,59.496,7.01357184
785,59.496,7.022857984
786,48.905,7.030744832
787,48.905,7.03877504
788,48.905,7.046477824
789,48.905,7.055426048
790,48.905,7.065351936
791,48.905,7.07346688
792,48.905,7.081316864
793,48.905,7.089085952
794,48.905,7.096760832
795,48.905,7.10525184
796,48.905,7.112879872
797,48.905,7.122722048
798,48.905,7.131179008
799,48.905,7.139179008
800,48.905,7.1474048
801,48.905,7.155348992
802,48.905,7.163065856
803,48.905,7.170946048
804,48.905,7.178836992
805,48.905,7.187234048
806,48.905,7.194931968
807,70.087,7.202956032
808,48.905,7.210768896
809,48.905,7.218757888
810,48.905,7.227140864
811,48.905,7.235970048
812,48.905,7.243833856
813,48.905,7.251652864
814,45.076,7.259424
815,45.076,7.2678528
816,45.076,7.2755328
817,45.076,7.283277824
818,45.076,7.291023872
819,43.881,7.298752
820,43.881,7.307796992
821,43.881,7.316935936
822,43.881,7.324866816
823,43.881,7.332619008
824,43.881,7.340915968
825,43.881,7.348610816
826,43.881,7.356272896
827,43.881,7.363881984
828,43.881,7.37168384
829,43.881,7.379655936
830,43.881,7.387488
831,43.881,7.3951488
832,43.881,7.40292096
833,43.881,7.411190016
834,43.881,7.419088896
835,43.881,7.426846976
836,43.881,7.434765824
837,43.881,7.442493952
838,43.881,7.45023488
839,43.881,7.458823936
840,43.881,7.466672896
841,43.881,7.474562048
842,44.451,7.482237952
843,43.881,7.490136832
844,43.881,7.498491904
845,43.881,7.506264832
846,43.881,7.513814016
847,48.212,7.521839872
848,43.881,7.532427008
849,43.881,7.542091008
850,43.881,7.550350848
851,43.881,7.558173952
852,43.881,7.565901824
853,43.881,7.575109888
854,43.881,7.583081984
855,43.881,7.59144704
856,44.026,7.599265024
857,43.881,7.60697088
858,43.881,7.614785024
859,43.881,7.62312192
860,43.881,7.631538944
861,43.881,7.639378944
862,43.881,7.646982912
863,43.881,7.657067008
864,43.881,7.665473024
865,43.881,7.677008896
866,43.881,7.685011968
867,43.881,7.694461952
868,43.881,7.702519808
869,43.881,7.710245888
870,43.881,7.718649856
871,43.881,7.726246912
872,43.881,7.733904896
873,43.881,7.741740032
874,43.881,7.749483008
875,43.881,7.757686016
876,43.881,7.76550784
877,30.198,7.773232896
878,30.198,7.780814848
879,33.955,7.790432
880,30.198,7.798168832
881,37.213,7.806348032
882,30.198,7.81396096
883,30.198,7.821787904
884,30.198,7.830363904
885,30.198,7.838236928
886,30.198,7.845981952
887,30.198,7.854007808
888,30.198,7.861591808
889,30.198,7.870091008
890,30.198,7.877697024
891,30.198,7.885346816
892,30.198,7.893124864
893,30.198,7.90075904
894,30.198,7.908924928
895,30.198,7.916708864
896,30.198,7.924492032
897,30.198,7.932787968
898,30.198,7.9419648
899,30.198,7.94986496
900,30.198,7.958279936
901,30.198,7.96683904
902,30.198,7.974754816
903,30.198,7.983181824
904,30.198,7.99104896
905,30.198,7.998864896
906,30.198,8.006606848
907,45.720,8.01490688
908,30.198,8.022684928
909,30.198,8.030375936
910,30.198,8.0383488
911,30.198,8.046542848
912,30.198,8.054354944
913,30.198,8.0624128
914,35.381,8.071202816
915,30.198,8.079156992
916,30.198,8.087137024
917,30.198,8.095493888
918,30.198,8.104864
919,30.198,8.112862976
920,30.198,8.120603904
921,30.198,8.128114944
922,30.198,8.13646592
923,30.198,8.144116992
924,30.198,8.151853824
925,30.198,8.1596288
926,30.198,8.167353856
927,30.198,8.175672832
928,30.198,8.18352
929,30.198,8.191383808
930,30.198,8.199094016
931,30.198,8.207731968
932,30.198,8.215408896
933,30.198,8.223756032
934,30.198,8.231497984
935,30.198,8.239388928
936,30.198,8.247254016
937,30.198,8.255036928
938,30.198,8.262628864
939,30.198,8.270930944
940,30.198,8.278515968
941,30.198,8.287296
942,30.198,8.295104
943,30.198,8.302903808
944,30.198,8.310647808
945,30.198,8.319531008
946,30.198,8.327539968
947,30.198,8.335438848
948,30.198,8.343161856
949,30.198,8.351054848
950,30.198,8.358744832
951,30.198,8.36708992
952,30.198,8.37506304
953,30.198,8.382892032
954,28.007,8.390558976
955,28.007,8.402290944
956,28.007,8.410514944
957,28.007,8.418904832
958,28.007,8.426697984
959,21.298,8.43450496
960,21.298,8.442114816
961,29.534,8.449933824
962,21.298,8.457701888
963,21.298,8.46614784
964,21.298,8.474131968
965,21.298,8.481782016
966,21.298,8.48952192
967,21.298,8.497360896
968,21.298,8.505136896
969,21.298,8.513385984
970,21.298,8.521310976
971,21.298,8.529046016
972,21.298,8.536919808
973,21.298,8.544535808
974,21.298,8.55276288
975,17.392,8.560632832
976,17.392,8.568947968
977,17.392,8.577021952
978,17.392,8.584869888
979,17.392,8.592409856
980,17.392,8.600658944
981,17.392,8.608626944
982,17.392,8.616196864
983,17.392,8.623895808
984,19.004,8.631732992
985,17.392,8.639574016
986,17.392,8.647896832
987,17.392,8.655533824
988,17.392,8.663049984
989,17.392,8.672272896
990,17.392,8.682172928
991,17.392,8.690432
992,17.392,8.69800192
993,17.392,8.705984
994,17.392,8.713691904
995,17.392,8.721517824
996,17.392,8.729287936
997,18.776,8.737698816
998,17.392,8.745559808
999,17.392,8.753404928
1000,17.392,8.760976896
1001,17.392,8.768979968
1002,17.392,8.777660928
1003,17.392,8.7854208
1004,17.392,8.793179904
1005,17.392,8.80091392
1006,17.392,8.80851584
1007,17.392,8.81696
1008,17.392,8.824574976
1009,17.392,8.832350976
1010,17.392,8.840271872
1011,17.392,8.84794496
1012,17.392,8.856421888
1013,17.392,8.864062976
1014,17.392,8.871873024
1015,17.392,8.879659008
1016,17.392,8.887508992
1017,17.392,8.895676928
1018,17.392,8.903700992
1019,17.392,8.911446016
1020,17.392,8.922624
1021,17.392,8.930946816
1022,17.392,8.939382016
1023,17.392,8.947022848
1024,17.392,8.955003904
1025,17.392,8.96273792
1026,17.392,8.970557952
1027,17.392,8.978701824
1028,17.392,8.986523904
1029,17.392,8.994082048
1030,17.392,9.001885952
1031,17.392,9.009623808
1032,17.392,9.01781888
1033,17.392,9.026174976
1034,17.392,9.034272
1035,17.392,9.04244096
1036,17.392,9.050278912
1037,17.392,9.058393856
1038,17.392,9.066181888
1039,17.392,9.074011904
1040,17.392,9.081673984
1041,17.392,9.09056384
1042,17.392,9.098881024
1043,17.392,9.106923008
1044,17.392,9.114447872
1045,17.392,9.12253184
1046,17.392,9.130569984
1047,17.392,9.138846976
1048,17.392,9.146846976
1049,17.392,9.15461888
1050,17.392,9.16221184
1051,17.392,9.170647808
1052,13.091,9.178301952
1053,13.091,9.186025984
1054,13.091,9.194318848
1055,13.091,9.202220032
1056,13.091,9.211564032
1057,13.091,9.219430912
1058,13.091,9.227728896
1059,13.091,9.235480832
1060,13.091,9.243817984
1061,13.091,9.251769856
1062,13.091,9.259685888
1063,13.091,9.267540992
1064,13.091,9.275426048
1065,13.091,9.283709952
1066,13.091,9.291877888
1067,13.091,9.29959296
1068,13.091,9.307227904
1069,13.091,9.31493504
1070,13.091,9.323305984
1071,13.091,9.331581952
1072,13.091,9.339563008
1073,13.091,9.347319808
1074,13.091,9.355218944
1075,13.091,9.362889984
1076,13.091,9.370798848
1077,13.091,9.37929984
1078,13.091,9.387180032
1079,13.091,9.394964992
1080,13.091,9.4030208
1081,11.178,9.410756864
1082,12.825,9.418626816
1083,11.178,9.426956032
1084,11.178,9.434928896
1085,11.178,9.442834944
1086,11.178,9.450660864
1087,11.178,9.458392832
1088,11.178,9.466221824
1089,11.178,9.475067904
1090,11.178,9.48285184
1091,11.178,9.49247488
1092,11.178,9.50120704
1093,11.178,9.508866816
1094,11.178,9.516487936
1095,11.178,9.524285952
1096,10.889,9.532723968
1097,10.889,9.540595968
1098,10.889,9.54839296
1099,10.889,9.556144896
1100,10.889,9.563821824
1101,10.889,9.571741952
1102,10.889,9.57993984
1103,10.889,9.587891968
1104,10.889,9.595995904
1105,10.889,9.604007936
1106,10.889,9.611801856
1107,10.889,9.619600896
1108,10.889,9.627996928
1109,10.889,9.636326912
1110,10.889,9.644322048
1111,10.889,9.65234688
1112,10.889,9.660032
1113,10.889,9.667796992
1114,10.889,9.676335872
1115,10.889,9.684352
1116,10.889,9.692246016
1117,10.889,9.700436992
1118,10.889,9.708093952
1119,10.889,9.716546816
1120,10.889,9.725234944
1121,10.889,9.735006976
1122,10.889,9.742957056
1123,10.889,9.75108096
1124,10.889,9.758886912
1125,10.889,9.76669184
1126,10.889,9.775510016
1127,10.889,9.783549952
1128,10.889,9.791337984
1129,10.889,9.79963904
1130,10.889,9.807798016
1131,10.889,9.815574016
1132,10.889,9.824171008
1133,10.889,9.832601856
1134,10.889,9.840340992
1135,10.889,9.848249856
1136,10.889,9.856146944
1137,10.889,9.864300032
1138,10.889,9.872258816
1139,10.889,9.880020992
1140,10.889,9.887791872
1141,10.889,9.895556864
1142,10.889,9.903353856
1143,10.889,9.911586816
1144,10.889,9.920327936
1145,10.889,9.92950784
1146,10.889,9.937505024
1147,10.889,9.945342976
1148,10.889,9.95327104
1149,10.889,9.961705984
1150,10.889,9.969666048
1151,10.889,9.979468032
1152,10.889,9.987547904
1153,10.889,9.995447808
1154,10.889,10.00383488
1155,10.889,10.011664896
1156,10.889,10.020920832
1157,10.889,10.030546944
1158,10.889,10.038452992
1159,10.889,10.046242816
1160,10.889,10.055113984
1161,10.889,10.062831872
1162,10.889,10.073063936
1163,10.889,10.081302016
1164,10.889,10.089117952
1165,10.889,10.097268992
1166,10.889,10.105725952
1167,7.777,10.113583872
1168,7.777,10.121939968
1169,7.777,10.133085952
1170,7.777,10.14180096
1171,7.777,10.149565952
1172,7.777,10.157598976
1173,7.777,10.165346048
1174,7.777,10.173080832
1175,7.777,10.18087296
1176,7.777,10.189216
1177,5.776,10.197086976
1178,5.776,10.205044992
1179,5.776,10.212710912
1180,5.776,10.220589824
1181,5.776,10.228883968
1182,5.776,10.236679936
1183,5.776,10.244409856
1184,4.994,10.25232
1185,4.994,10.260005888
1186,4.994,10.268418048
1187,4.994,10.27616
1188,4.994,10.283902976
1189,4.994,10.291586816
1190,4.994,10.299228928
1191,4.994,10.307696896
1192,4.994,10.315484928
1193,4.994,10.323127808
1194,4.994,10.330870016
1195,4.994,10.338639872
1196,4.994,10.346722048
1197,4.067,10.354732032
1198,4.067,10.36239488
1199,4.067,10.370199808
1200,4.067,10.378040832
1201,4.067,10.386489856
1202,4.067,10.3944448
1203,3.089,10.402429952
1204,3.089,10.411420928
1205,3.089,10.419534848
1206,3.089,10.427712
1207,3.089,10.435776
1208,3.089,10.443489024
1209,3.089,10.451270912
1210,3.089,10.460294912
1211,3.089,10.468965888
1212,3.089,10.4768768
1213,3.089,10.485118976
1214,3.089,10.492967936
1215,3.089,10.501387008
1216,3.089,10.509129984
1217,3.089,10.517026816
1218,2.466,10.5248
1219,2.466,10.532500992
1220,2.466,10.541108992
1221,2.466,10.548820992
1222,2.667,10.55686784
1223,2.466,10.564612864
1224,2.466,10.572455936
1225,2.466,10.580354816
1226,2.466,10.588686848
1227,2.466,10.596344832
1228,2.466,10.604493824
1229,2.466,10.612272896
1230,2.466,10.622430976
1231,2.466,10.631595008
1232,2.466,10.639602944
1233,2.466,10.647348992
1234,2.466,10.655209984
1235,2.466,10.662928896
1236,2.466,10.670734848
1237,2.466,10.678877952
1238,2.466,10.686876928
1239,3.183,10.694477824
1240,2.466,10.702374912
1241,2.466,10.710145024
1242,2.466,10.718412032
1243,2.466,10.726232832
1244,2.466,10.73406592
1245,2.466,10.74177792
1246,2.466,10.749532928
1247,2.466,10.757807872
1248,2.466,10.765740032
1249,2.466,10.77350784
1250,2.466,10.78118784
1251,4.321,10.78913792
1252,2.466,10.796924928
1253,2.466,10.805257984
1254,2.466,10.813097984
1255,2.466,10.8216
1256,2.466,10.831239936
1257,2.466,10.839084032
1258,7.515,10.84741504
1259,2.466,10.855374848
1260,2.466,10.863896832
1261,2.466,10.87179904
1262,2.466,10.879437824
1263,2.466,10.887776
1264,2.466,10.895549952
1265,2.466,10.903378944
1266,2.466,10.911296
1267,2.466,10.919053824
1268,2.466,10.9272
1269,2.466,10.935134976
1270,2.466,10.942838016
1271,2.466,10.950688
1272,2.466,10.95866496
1273,2.466,10.967099904
1274,2.466,10.975056896
1275,2.466,10.983746816
1276,2.466,10.991515904
1277,2.466,10.999312896
1278,2.466,11.007500032
1279,2.466,11.015488
1280,2.466,11.025410048
1281,2.466,11.034878976
1282,2.466,11.045060864
1283,2.466,11.053479936
1284,2.466,11.061193984
1285,2.466,11.069060864
1286,2.466,11.076644864
1287,2.466,11.085125888
1288,2.466,11.092770048
1289,2.466,11.100398848
1290,2.466,11.108142848
1291,2.466,11.115815936
1292,2.466,11.124019968
1293,2.466,11.131716864
1294,2.466,11.139527936
1295,2.466,11.147129856
1296,2.466,11.15495296
1297,2.466,11.163184896
1298,2.466,11.171277824
1299,2.466,11.179237888
1300,2.466,11.187054848
1301,2.466,11.195276032
1302,2.466,11.203640832
1303,2.466,11.21192704
1304,2.466,11.220802816
1305,2.466,11.228975872
1306,2.466,11.237572864
1307,2.466,11.245295872
1308,2.466,11.254145024
1309,2.466,11.261825024
1310,2.466,11.27021184
1311,2.397,11.278359808
1312,2.397,11.2862208
1313,2.397,11.294035968
1314,2.397,11.301796864
1315,2.397,11.310102016
1316,2.397,11.318291968
1317,2.397,11.326146048
1318,2.397,11.334180864
1319,2.397,11.342594816
1320,2.397,11.350494976
1321,2.397,11.358368
1322,2.397,11.366236928
1323,2.397,11.374532864
1324,2.234,11.383055872
1325,2.234,11.390882048
1326,2.234,11.398780928
1327,2.234,11.406611968
1328,2.234,11.414918912
1329,2.234,11.422885888
1330,2.234,11.430486016
1331,2.234,11.44011904
1332,2.234,11.4486528
1333,2.234,11.457537024
1334,2.234,11.465240832
1335,2.234,11.47373184
1336,2.234,11.482822912
1337,2.234,11.490683904
1338,2.234,11.498480896
1339,2.234,11.506244864
1340,2.234,11.51394688
1341,2.234,11.522648832
1342,2.234,11.530492928
1343,2.234,11.53860992
1344,1.419,11.54628096
1345,1.419,11.555081984
1346,1.419,11.563524864
1347,1.419,11.572039936
1348,1.470,11.579883008
1349,1.419,11.587776
1350,1.419,11.595504896
1351,1.419,11.604865024
1352,1.419,11.61390592
1353,1.419,11.622412032
1354,1.344,11.630132992
1355,1.344,11.638484992
1356,1.344,11.646077952
1357,1.344,11.65576192
1358,1.344,11.66429184
1359,1.344,11.674854912
1360,1.344,11.683311872
1361,1.857,11.691138048
1362,1.423,11.698735872
1363,1.344,11.70994304
1364,1.344,11.718274048
1365,1.344,11.72669184
1366,1.344,11.734684928
1367,1.344,11.742593024
1368,1.344,11.751366912
1369,1.344,11.7596288
1370,1.344,11.767548928
1371,1.344,11.775790848
1372,1.344,11.783590912
1373,1.344,11.791547904
1374,1.344,11.79946496
1375,1.272,11.807414016
1376,1.272,11.815609856
1377,1.272,11.82362496
1378,1.272,11.831744
1379,1.272,11.83972992
1380,1.272,11.847795968
1381,1.272,11.855744
1382,2.176,11.864187904
1383,1.272,11.872400896
1384,1.272,11.880286976
1385,1.272,11.888258048
1386,1.272,11.89592192
1387,1.272,11.90438784
1388,1.272,11.912722944
1389,1.202,11.921652992
1390,1.202,11.929484032
1391,1.202,11.937323008
1392,1.202,11.945223936
1393,1.202,11.95464192
1394,1.202,11.963602944
1395,1.202,11.971481856
1396,1.202,11.979412992
1397,1.202,11.987437824
1398,1.202,11.995238912
1399,1.202,12.003896832
1400,1.202,12.011767808
1401,1.202,12.0197888
1402,1.202,12.0275328
1403,1.202,12.03531904
1404,1.202,12.043750912
1405,1.202,12.051561984
1406,0.982,12.059219968
1407,0.982,12.067023872
1408,0.982,12.074982912
1409,0.982,12.083478016
1410,0.982,12.09173888
1411,0.982,12.099533824
1412,0.982,12.107452928
1413,0.982,12.115096832
1414,0.966,12.122914816
1415,0.966,12.13144192
1416,0.449,12.139404032

Error results for SA
---------------------------
0,367.870,0.00819712
1,367.870,0.01704192
2,367.870,0.02530304
3,367.870,0.033692928
4,367.870,0.04279296
5,398.828,0.051905024
6,398.828,0.061746944
7,398.828,0.07087104
8,398.828,0.079078912
9,398.828,0.08712704
10,398.828,0.09506304
11,398.828,0.103837952
12,398.828,0.111649024
13,398.828,0.119762944
14,398.828,0.127517952
15,398.828,0.135524096
16,398.828,0.143878144
17,397.399,0.151783936
18,397.399,0.159627008
19,397.399,0.167329024
20,397.399,0.174998016
21,397.399,0.183494144
22,397.399,0.191286016
23,397.399,0.198963968
24,397.399,0.20714496
25,397.399,0.214823936
26,397.399,0.223251968
27,397.399,0.230940928
28,330.306,0.238836992
29,330.306,0.24667392
30,330.306,0.25521408
31,330.306,0.263485952
32,330.306,0.27249792
33,330.306,0.280208128
34,330.306,0.28814592
35,330.306,0.296384
36,330.306,0.304300032
37,330.306,0.312060928
38,330.306,0.320444928
39,330.306,0.328531968
40,330.306,0.336939008
41,330.306,0.344828928
42,330.306,0.35383296
43,330.306,0.362761984
44,330.306,0.370672128
45,330.306,0.378806016
46,330.306,0.38685312
47,330.306,0.394546944
48,330.306,0.40235904
49,330.306,0.41068416
50,330.306,0.418509056
51,330.306,0.42640512
52,330.306,0.434691072
53,330.306,0.442833152
54,330.306,0.451430144
55,330.306,0.459224064
56,330.306,0.467238144
57,330.306,0.475881984
58,330.306,0.48452096
59,330.306,0.492422912
60,330.306,0.500193024
61,330.306,0.508064
62,330.306,0.51653504
63,330.306,0.524208128
64,330.306,0.531993088
65,330.306,0.539769088
66,316.548,0.547428096
67,316.548,0.556258048
68,334.431,0.56395008
69,334.431,0.572029952
70,334.431,0.579761152
71,334.431,0.588539136
72,334.431,0.596399104
73,334.431,0.604807936
74,334.431,0.612851968
75,334.431,0.620738048
76,334.431,0.628391936
77,334.431,0.636763136
78,334.431,0.644978944
79,334.431,0.653169152
80,334.431,0.660835072
81,334.431,0.669542912
82,334.431,0.677458944
83,334.431,0.686001152
84,334.431,0.693915136
85,334.431,0.702406912
86,334.431,0.712154112
87,334.431,0.72010496
88,334.431,0.72823808
89,334.431,0.737284096
90,334.431,0.747099136
91,334.431,0.755302144
92,334.431,0.763695104
93,334.431,0.771547904
94,334.431,0.77927808
95,334.431,0.787283968
96,334.431,0.794968064
97,334.431,0.80366208
98,334.431,0.811437056
99,334.431,0.819346944
100,334.431,0.827325952
101,334.431,0.835156992
102,334.431,0.84341504
103,334.431,0.851385088
104,334.431,0.85965696
105,323.849,0.867764992
106,323.849,0.875931904
107,323.849,0.883789056
108,323.849,0.89173504
109,323.849,0.899943936
110,323.849,0.90839296
111,323.849,0.91668096
112,323.849,0.925680128
113,323.849,0.93361408
114,323.849,0.941306112
115,323.849,0.94900992
116,323.849,0.95783808
117,348.674,0.965787904
118,348.674,0.973711104
119,348.674,0.98139008
120,348.674,0.990284032
121,348.674,0.998492928
122,348.674,1.006320128
123,366.910,1.014139136
124,366.910,1.022595072
125,366.910,1.030522112
126,366.910,1.038385152
127,366.910,1.046512128
128,366.910,1.05447296
129,366.910,1.062107136
130,366.910,1.071810048
131,366.910,1.080539136
132,366.910,1.088659968
133,366.910,1.096372992
134,366.910,1.104883968
135,366.910,1.112699136
136,366.910,1.120582144
137,366.910,1.12844416
138,366.910,1.136385024
139,366.910,1.144099072
140,366.910,1.15264512
141,377.158,1.16040192
142,377.158,1.168324096
143,377.158,1.178529024
144,377.158,1.186876928
145,377.158,1.194657024
146,377.158,1.202505984
147,397.364,1.211005952
148,397.364,1.219933952
149,397.364,1.229758976
150,397.364,1.238475008
151,397.364,1.246386944
152,397.364,1.254205952
153,397.364,1.262526976
154,397.364,1.270385152
155,397.364,1.278009088
156,397.364,1.285922048
157,397.364,1.29400192
158,397.364,1.30224512
159,397.364,1.310509056
160,397.364,1.318377984
161,397.364,1.326247936
162,397.364,1.334121984
163,397.364,1.34184704
164,395.803,1.349715968
165,395.803,1.358191104
166,395.803,1.366214144
167,395.803,1.374247936
168,410.328,1.382084096
169,410.328,1.389961984
170,410.328,1.39767296
171,410.328,1.40609792
172,410.328,1.41394816
173,410.328,1.421820928
174,410.328,1.429510144
175,410.328,1.437543936
176,410.328,1.445236992
177,410.328,1.453651968
178,410.328,1.46134912
179,410.328,1.469054976
180,410.328,1.477424128
181,410.328,1.485667072
182,410.328,1.493287936
183,410.328,1.501739008
184,410.328,1.50947712
185,410.328,1.517460992
186,410.328,1.526386944
187,410.328,1.534458112
188,410.328,1.542380032
189,410.328,1.550744064
190,410.328,1.558626048
191,410.328,1.566432
192,410.328,1.574150144
193,410.328,1.58194816
194,410.328,1.589698048
195,410.328,1.59767808
196,410.328,1.60569216
197,410.328,1.613355008
198,410.328,1.621361152
199,410.328,1.629248
200,410.328,1.637744128
201,429.762,1.645666048
202,429.762,1.653489152
203,429.762,1.661177088
204,429.762,1.66916992
205,429.762,1.676824064
206,429.762,1.685798912
207,429.762,1.693712128
208,429.762,1.70145408
209,429.762,1.709252096
210,429.762,1.717059072
211,429.762,1.724816128
212,429.762,1.73350016
213,429.762,1.742633984
214,429.762,1.750535936
215,429.762,1.759386112
216,429.762,1.768058112
217,429.762,1.776146944
218,429.762,1.784098048
219,429.762,1.791981056
220,429.762,1.799815936
221,424.882,1.80754304
222,424.882,1.81588608
223,424.882,1.82386304
224,424.882,1.831654144
225,424.882,1.841917952
226,424.882,1.849963008
227,424.882,1.857819136
228,424.882,1.866768128
229,424.882,1.874499072
230,446.430,1.882151936
231,446.430,1.89028608
232,446.430,1.897996032
233,446.430,1.906416128
234,446.430,1.914125056
235,446.430,1.923194112
236,446.430,1.931229952
237,446.430,1.939020032
238,446.430,1.947328
239,446.430,1.955254016
240,446.430,1.96292096
241,446.430,1.970883072
242,446.430,1.978567936
243,446.430,1.986929152
244,446.430,1.994801152
245,446.430,2.00253312
246,446.430,2.010137088
247,446.430,2.018036992
248,446.430,2.026268928
249,446.430,2.034081024
250,446.430,2.041784064
251,385.889,2.051825152
252,385.889,2.060849152
253,385.889,2.069419008
254,385.889,2.077191936
255,385.889,2.084982016
256,385.889,2.094614016
257,385.889,2.104994048
258,385.889,2.113564928
259,385.889,2.121590016
260,385.889,2.129267968
261,385.889,2.137107968
262,385.889,2.144923904
263,385.889,2.153291008
264,385.889,2.161110016
265,395.673,2.169086976
266,395.673,2.176944128
267,395.673,2.184984064
268,395.673,2.19342592
269,395.673,2.201574144
270,395.673,2.209563136
271,395.673,2.217602048
272,395.673,2.225561088
273,396.385,2.234040064
274,396.385,2.241883904
275,396.385,2.249905152
276,396.385,2.257872128
277,396.385,2.266523136
278,396.385,2.274893056
279,396.385,2.282855936
280,670.016,2.290919936
281,622.765,2.298868992
282,622.765,2.307522048
283,622.765,2.315508992
284,622.765,2.323378944
285,622.765,2.331341056
286,622.765,2.33973504
287,622.765,2.347614976
288,622.765,2.355652096
289,622.765,2.363508992
290,622.765,2.371654912
291,622.765,2.380076032
292,622.765,2.388184064
293,622.765,2.396228096
294,622.765,2.404278016
295,622.765,2.412870912
296,622.765,2.420894976
297,622.765,2.429793024
298,622.765,2.44018304
299,622.765,2.44824192
300,622.765,2.456992
301,622.765,2.464880128
302,622.765,2.47272704
303,622.765,2.480515072
304,622.765,2.488550144
305,622.765,2.49640192
306,622.765,2.505203968
307,622.765,2.513025024
308,622.765,2.520954112
309,622.765,2.529026048
310,622.765,2.53720704
311,622.765,2.545651968
312,622.765,2.553581056
313,614.958,2.564081152
314,614.958,2.572477952
315,746.481,2.580307968
316,746.481,2.588707072
317,746.481,2.596333056
318,746.481,2.604291072
319,746.481,2.61208704
320,746.481,2.619881984
321,746.481,2.62824704
322,746.481,2.63600896
323,746.481,2.64382592
324,746.481,2.651704064
325,746.481,2.659651072
326,746.481,2.668397056
327,746.481,2.67615616
328,746.481,2.68416896
329,746.481,2.691992064
330,746.481,2.700158976
331,746.481,2.708294144
332,746.481,2.716099072
333,746.481,2.723932928
334,746.481,2.732081152
335,733.950,2.741071104
336,733.950,2.748998144
337,733.950,2.756923136
338,733.950,2.764915968
339,733.950,2.77380608
340,733.950,2.782097152
341,733.950,2.79011712
342,733.950,2.797954048
343,733.950,2.805917952
344,733.950,2.813661952
345,733.950,2.822278144
346,733.950,2.830340096
347,733.950,2.838334976
348,733.950,2.846042112
349,733.950,2.854552064
350,733.950,2.862308096
351,733.950,2.870522112
352,733.950,2.87910016
353,733.950,2.887504128
354,733.950,2.895887104
355,733.950,2.904713984
356,733.950,2.913432064
357,733.950,2.921371136
358,733.950,2.929837056
359,733.950,2.93783296
360,733.950,2.945789952
361,733.950,2.953814016
362,733.950,2.962075136
363,733.950,2.970375936
364,733.950,2.978076928
365,733.950,2.986009088
366,733.950,2.994323968
367,733.950,3.002604032
368,733.950,3.011696128
369,733.950,3.020226048
370,710.589,3.028177152
371,710.589,3.036130048
372,710.589,3.044123904
373,710.589,3.052701952
374,769.454,3.060420096
375,769.454,3.068402944
376,769.454,3.076144128
377,769.454,3.084004096
378,769.454,3.092524032
379,769.454,3.100390912
380,769.454,3.108345088
381,769.454,3.116211968
382,769.454,3.12403712
383,769.454,3.132619008
384,769.454,3.140355072
385,752.526,3.147940096
386,752.526,3.155890944
387,752.526,3.163578112
388,752.526,3.172278016
389,752.526,3.180038912
390,752.526,3.187974144
391,752.526,3.195857152
392,752.526,3.20362496
393,752.526,3.211855104
394,752.526,3.220061952
395,752.526,3.227709952
396,708.430,3.236657152
397,708.430,3.244412928
398,708.430,3.25313408
399,708.430,3.26094208
400,708.430,3.268888064
401,708.430,3.276868096
402,708.430,3.284858112
403,708.430,3.292659968
404,701.231,3.301302016
405,701.231,3.309106944
406,701.231,3.316934912
407,701.231,3.324809984
408,701.231,3.332600064
409,701.231,3.34101504
410,701.231,3.348836096
411,701.231,3.356518144
412,701.231,3.364332032
413,701.231,3.372130048
414,701.231,3.37987712
415,701.231,3.388425984
416,701.231,3.396020992
417,701.231,3.403930112
418,701.231,3.411670016
419,701.231,3.419453952
420,725.705,3.427224064
421,725.705,3.435628032
422,725.705,3.443300096
423,725.705,3.452126976
424,725.705,3.459802112
425,725.705,3.46788992
426,725.705,3.476084992
427,725.705,3.484097024
428,725.705,3.49194112
429,725.705,3.49978112
430,725.705,3.507547136
431,716.270,3.515507968
432,716.270,3.523961088
433,716.270,3.531894016
434,662.144,3.540487936
435,662.144,3.548114944
436,662.144,3.556103936
437,662.144,3.56423296
438,662.144,3.572147968
439,662.144,3.579977984
440,662.144,3.58783104
441,662.144,3.59564416
442,662.144,3.60442112
443,662.144,3.612440064
444,662.144,3.62033792
445,662.144,3.628084992
446,662.144,3.63588992
447,662.144,3.643612928
448,662.144,3.651997952
449,662.144,3.65979008
450,662.144,3.66756096
451,662.144,3.675225088
452,662.144,3.683367936
453,662.144,3.691698944
454,662.144,3.69946496
455,662.144,3.710132992
456,662.144,3.718426112
457,662.144,3.728463104
458,662.144,3.73777408
459,662.144,3.745537024
460,662.144,3.753536
461,662.144,3.761179904
462,662.144,3.768943104
463,662.144,3.777334016
464,662.144,3.785222912
465,662.144,3.793229056
466,662.144,3.80104704
467,662.144,3.808719104
468,662.144,3.817170944
469,662.144,3.824913152
470,662.144,3.832608
471,662.144,3.841249024
472,662.144,3.848973056
473,662.144,3.858148096
474,662.144,3.866025984
475,479.172,3.873853952
476,479.172,3.882035968
477,479.172,3.890273024
478,479.172,3.902267136
479,479.172,3.91028608
480,335.530,3.918270976
481,335.530,3.926265088
482,335.530,3.934004992
483,335.530,3.942494976
484,330.119,3.950355968
485,330.119,3.958221056
486,330.119,3.965933056
487,330.119,3.974147072
488,330.119,3.981788928
489,330.119,3.99061504
490,330.119,3.998610944
491,330.119,4.006425088
492,330.119,4.014786048
493,330.119,4.022617088
494,330.119,4.030253056
495,330.119,4.038221056
496,330.119,4.04638592
497,330.119,4.05440896
498,330.119,4.06226304
499,330.119,4.070065152
500,330.119,4.077860096
501,330.119,4.086235136
502,330.119,4.093916928
503,330.119,4.10184192
504,330.119,4.10945408
505,330.119,4.117295104
506,330.119,4.125709056
507,330.119,4.13346304
508,313.430,4.141235968
509,313.430,4.14913792
510,313.430,4.159302912
511,313.430,4.167834112
512,313.430,4.176067072
513,313.430,4.183732992
514,313.430,4.191500032
515,313.430,4.19940992
516,313.430,4.207186944
517,313.430,4.215459072
518,313.430,4.223708928
519,313.430,4.231527936
520,313.430,4.239506944
521,313.430,4.24741504
522,313.430,4.255876096
523,313.430,4.263892992
524,313.430,4.271862016
525,313.430,4.279579904
526,313.430,4.287553024
527,313.430,4.295718912
528,313.430,4.303645952
529,313.430,4.311412992
530,313.430,4.319206912
531,313.430,4.32703104
532,343.222,4.335469056
533,343.222,4.343132928
534,343.222,4.352019968
535,343.222,4.362235136
536,343.222,4.370252032
537,343.222,4.378447104
538,343.222,4.386621952
539,343.222,4.394451968
540,343.222,4.40240512
541,343.222,4.41021696
542,343.222,4.418721024
543,343.222,4.42667392
544,343.222,4.434462976
545,343.222,4.442105088
546,343.222,4.449935104
547,343.222,4.458259968
548,343.222,4.466137088
549,343.222,4.47387392
550,343.222,4.48164096
551,343.222,4.48957696
552,343.222,4.497748992
553,343.222,4.505545984
554,343.222,4.513697024
555,343.222,4.52148608
556,343.222,4.529097984
557,343.222,4.537603072
558,320.236,4.545382912
559,280.895,4.55332992
560,280.895,4.561074944
561,280.895,4.569435136
562,280.895,4.577287936
563,280.895,4.58512896
564,280.895,4.59287808
565,280.895,4.600758016
566,280.895,4.608551936
567,280.895,4.61703808
568,280.895,4.62488704
569,280.895,4.632470016
570,280.895,4.640265984
571,280.895,4.647983104
572,280.895,4.656367104
573,280.895,4.664220928
574,280.895,4.67210496
575,280.895,4.67974912
576,280.895,4.687846912
577,280.895,4.695536128
578,280.895,4.704324096
579,280.895,4.71214208
580,280.895,4.72000512
581,280.895,4.728431104
582,280.895,4.739763968
583,280.895,4.748442112
584,280.895,4.756507136
585,280.895,4.768004096
586,280.895,4.776076032
587,280.895,4.78471808
588,280.895,4.792692992
589,280.895,4.801088
590,280.895,4.809273088
591,280.895,4.817105152
592,280.895,4.824795136
593,280.895,4.832474112
594,280.895,4.84078592
595,280.895,4.84840192
596,280.895,4.856433152
597,280.895,4.864130048
598,280.895,4.871924992
599,280.895,4.880301056
600,280.895,4.888116992
601,280.895,4.895832064
602,280.895,4.903668992
603,280.895,4.911571968
604,280.895,4.919987968
605,280.895,4.92762112
606,280.895,4.935358976
607,280.895,4.943238144
608,280.895,4.951057152
609,280.895,4.959408128
610,343.533,4.967588096
611,280.895,4.975299072
612,280.895,4.98320896
613,280.895,4.99173504
614,280.895,5.000056064
615,317.520,5.007787008
616,317.520,5.015334144
617,317.520,5.02407296
618,317.520,5.031705088
619,317.520,5.039934976
620,317.520,5.047727104
621,317.520,5.055563008
622,317.520,5.06329216
623,317.520,5.07128192
624,308.430,5.079407104
625,308.430,5.087401984
626,279.809,5.09528192
627,279.809,5.103856128
628,279.809,5.111731968
629,279.809,5.120082944
630,279.809,5.12779904
631,279.809,5.136340992
632,279.809,5.146599936
633,279.809,5.155194112
634,279.809,5.163763968
635,279.809,5.171841024
636,279.809,5.179535104
637,279.809,5.187558912
638,279.809,5.195844096
639,279.809,5.204077056
640,279.809,5.211710976
641,279.809,5.219444992
642,279.809,5.227211008
643,279.809,5.235501056
644,279.809,5.243136
645,279.809,5.250941952
646,279.809,5.258674944
647,279.809,5.266980096
648,279.809,5.274872064
649,279.809,5.28255104
650,256.485,5.29214208
651,265.405,5.300400128
652,265.405,5.308157952
653,265.405,5.316647936
654,265.405,5.324957952
655,265.405,5.332685056
656,265.405,5.340422912
657,265.405,5.348077056
658,265.405,5.356562944
659,265.405,5.364307968
660,265.405,5.37227008
661,265.405,5.379875072
662,265.405,5.387665152
663,265.405,5.395921152
664,257.888,5.403648
665,257.888,5.411302144
666,257.888,5.419275008
667,257.888,5.427227136
668,257.888,5.43558016
669,257.888,5.44341504
670,257.888,5.452011008
671,257.888,5.45994112
672,257.888,5.467676928
673,257.888,5.476111104
674,257.888,5.48401792
675,98.686,5.491725056
676,98.686,5.499343104
677,98.686,5.507195136
678,98.686,5.514814976
679,98.686,5.523372032
680,98.686,5.531170048
681,98.686,5.538961152
682,98.686,5.546771968
683,98.686,5.554715904
684,98.686,5.562845952
685,98.686,5.570816
686,98.686,5.578413056
687,98.686,5.586253056
688,98.686,5.59456896
689,98.686,5.602387968
690,98.686,5.610230016
691,98.686,5.617984
692,98.686,5.625750016
693,98.686,5.63408512
694,98.686,5.641831936
695,98.686,5.649523968
696,98.686,5.657419008
697,98.686,5.665007104
698,98.686,5.673415936
699,98.686,5.681209088
700,98.686,5.689144064
701,98.686,5.696934144
702,124.843,5.704762112
703,98.686,5.71237504
704,98.686,5.720848128
705,98.686,5.728478976
706,98.686,5.736256
707,98.686,5.744032
708,98.686,5.75171712
709,98.686,5.759303936
710,98.686,5.767614976
711,98.686,5.77530112
712,98.686,5.78628608
713,98.686,5.794641152
714,98.686,5.802699008
715,98.686,5.811648
716,98.686,5.819657984
717,98.686,5.827281152
718,98.686,5.837248
719,98.686,5.845955072
720,98.686,5.853876992
721,98.686,5.862077952
722,98.686,5.869820928
723,98.686,5.877647104
724,98.686,5.886130944
725,98.686,5.894307072
726,98.686,5.902622976
727,98.686,5.910228992
728,98.686,5.918834944
729,175.851,5.929329152
730,98.686,5.937361152
731,98.686,5.944986112
732,98.686,5.953467136
733,98.686,5.96103808
734,98.686,5.968807936
735,98.686,5.976596992
736,98.686,5.984254976
737,128.055,5.992390144
738,98.686,6.000118016
739,98.686,6.007817984
740,98.686,6.015483136
741,98.686,6.025020928
742,98.686,6.033497088
743,98.686,6.041204992
744,98.686,6.048722944
745,98.686,6.056542976
746,98.686,6.064249088
747,98.686,6.072539136
748,97.982,6.080219904
749,97.982,6.088122112
750,97.982,6.095820032
751,97.982,6.103681024
752,97.982,6.111887104
753,97.982,6.119643904
754,97.982,6.127442944
755,97.982,6.135213056
756,97.982,6.14290304
757,97.982,6.150684928
758,97.982,6.15908992
759,97.982,6.167099136
760,97.982,6.174745088
761,97.982,6.182242048
762,97.982,6.192402944
763,97.982,6.201315072
764,97.982,6.209222912
765,97.982,6.216993024
766,97.982,6.224745984
767,97.982,6.233069056
768,97.982,6.240806144
769,97.982,6.248483072
770,97.982,6.256301056
771,97.982,6.26386816
772,97.982,6.272281088
773,97.982,6.279879936
774,97.982,6.28772608
775,97.982,6.295911936
776,97.982,6.30403712
777,97.982,6.312286976
778,97.982,6.32012416
779,97.982,6.327958016
780,101.535,6.335838976
781,97.982,6.34379904
782,97.982,6.352109056
783,97.982,6.361769984
784,97.982,6.369871104
785,97.982,6.377568
786,97.982,6.385822976
787,97.982,6.393634048
788,97.982,6.401510144
789,97.982,6.409748992
790,97.982,6.417656064
791,97.982,6.425862912
792,97.982,6.433579008
793,97.982,6.441409024
794,97.982,6.449094912
795,97.982,6.458283008
796,97.982,6.466718976
797,97.982,6.474395136
798,97.982,6.482107136
799,97.982,6.489846016
800,97.982,6.497968128
801,97.982,6.50694912
802,97.982,6.514605056
803,97.982,6.52370304
804,97.982,6.533616128
805,97.982,6.541223936
806,97.982,6.548764928
807,97.982,6.556719104
808,97.982,6.564771072
809,97.982,6.572621056
810,97.982,6.580473088
811,67.199,6.588204032
812,67.199,6.595823104
813,67.199,6.603654144
814,67.199,6.611810048
815,67.199,6.619667968
816,67.199,6.627611904
817,67.199,6.635348992
818,67.199,6.645723904
819,67.199,6.654448128
820,67.199,6.662162944
821,67.199,6.669926912
822,74.986,6.677633024
823,67.199,6.68548608
824,67.199,6.69374208
825,67.199,6.701694976
826,67.199,6.709267968
827,67.199,6.71687296
828,67.199,6.724621056
829,67.199,6.732986112
830,67.199,6.74075008
831,67.199,6.748532992
832,67.199,6.756363008
833,38.550,6.76410496
834,38.550,6.772638976
835,38.550,6.78033792
836,38.550,6.788326144
837,38.550,6.796084992
838,38.550,6.803955968
839,38.550,6.812253952
840,38.550,6.820093952
841,38.550,6.827953152
842,38.550,6.836285952
843,38.550,6.84650112
844,38.550,6.854785024
845,38.550,6.86253696
846,38.550,6.870982912
847,38.550,6.878861056
848,38.550,6.887241984
849,38.550,6.89508992
850,38.550,6.902908928
851,38.550,6.910727936
852,38.550,6.918496
853,38.550,6.926686976
854,38.550,6.934660096
855,38.550,6.942384128
856,38.550,6.950142976
857,38.550,6.958573056
858,38.550,6.966375936
859,38.550,6.974337024
860,38.550,6.982315008
861,38.550,6.990086144
862,38.550,6.998525952
863,38.550,7.006494976
864,38.550,7.014220032
865,38.550,7.022171136
866,38.550,7.030473984
867,38.550,7.038607104
868,38.550,7.04633216
869,38.550,7.054221056
870,38.550,7.06250112
871,38.550,7.070973952
872,38.550,7.078941952
873,38.528,7.086797056
874,38.528,7.09450496
875,38.528,7.105915136
876,38.528,7.114748928
877,38.528,7.122703104
878,38.528,7.130641152
879,38.528,7.13855104
880,38.528,7.146264064
881,38.528,7.154763008
882,38.528,7.162774016
883,38.528,7.170515968
884,38.528,7.178334976
885,38.528,7.186075136
886,38.528,7.194439936
887,38.528,7.202434048
888,38.528,7.210205952
889,38.528,7.218160128
890,38.528,7.225953024
891,38.528,7.234351104
892,38.528,7.242330112
893,38.528,7.250011136
894,38.528,7.257675008
895,38.528,7.265627904
896,38.528,7.274028032
897,38.528,7.281753088
898,38.528,7.28954496
899,38.528,7.297122048
900,38.528,7.304976128
901,38.528,7.313052928
902,43.662,7.320905984
903,38.528,7.328734976
904,38.528,7.336495104
905,38.528,7.344211968
906,38.528,7.352734976
907,38.528,7.360591104
908,38.528,7.368417024
909,38.528,7.378617088
910,38.528,7.388180992
911,38.528,7.397168128
912,38.528,7.405115136
913,44.653,7.412673024
914,38.528,7.42047104
915,38.528,7.428845056
916,38.528,7.436649984
917,38.528,7.444550144
918,38.528,7.45248512
919,38.528,7.46019712
920,38.528,7.468858112
921,38.528,7.476689152
922,38.528,7.484571904
923,38.528,7.492509952
924,38.528,7.500363008
925,38.528,7.508856064
926,38.528,7.516647936
927,38.528,7.524413952
928,38.528,7.532204032
929,38.528,7.540568064
930,38.528,7.54827904
931,38.528,7.559929088
932,38.528,7.56810496
933,38.528,7.57579904
934,38.528,7.584178944
935,38.528,7.592057088
936,38.528,7.599836928
937,38.528,7.607642112
938,38.528,7.615835904
939,38.528,7.623940096
940,38.528,7.631691008
941,38.528,7.63946496
942,38.528,7.64717696
943,38.528,7.65548416
944,38.528,7.663137024
945,38.528,7.67115008
946,38.528,7.678891008
947,38.528,7.686733056
948,38.528,7.69459712
949,38.528,7.70299008
950,38.528,7.710758144
951,38.528,7.718690048
952,38.528,7.726498048
953,38.528,7.734427904
954,38.528,7.742854912
955,38.528,7.753788928
956,38.528,7.762758912
957,38.528,7.771169024
958,38.528,7.779256064
959,38.528,7.787439104
960,38.528,7.795181056
961,38.528,7.803931904
962,38.528,7.812566016
963,38.528,7.821465088
964,38.528,7.829854976
965,38.528,7.837689088
966,47.378,7.845504
967,38.528,7.853519104
968,38.528,7.861944064
969,38.528,7.869917952
970,38.528,7.877958912
971,38.528,7.886215936
972,38.528,7.893873152
973,38.528,7.901583104
974,38.528,7.909964032
975,38.528,7.917827072
976,38.528,7.925659136
977,38.528,7.933763072
978,38.528,7.941478912
979,38.528,7.949268992
980,38.528,7.95777792
981,38.528,7.965435136
982,38.528,7.973536
983,38.528,7.981467136
984,38.528,7.991046144
985,38.528,7.999444992
986,38.528,8.007948032
987,38.528,8.015858944
988,38.528,8.023855104
989,38.528,8.03184
990,38.528,8.039707904
991,38.528,8.048493056
992,38.528,8.05688192
993,38.528,8.064560128
994,38.528,8.072466944
995,41.539,8.08007296
996,38.528,8.088839936
997,38.528,8.096598016
998,38.528,8.10493696
999,38.528,8.112864
1000,38.528,8.120676096
1001,35.549,8.128429056
1002,22.166,8.136391936
1003,29.886,8.144652032
1004,22.166,8.152699136
1005,22.166,8.160461056
1006,22.166,8.168256
1007,22.166,8.176096
1008,22.166,8.184050944
1009,22.166,8.192349952
1010,22.166,8.200153088
1011,22.166,8.20795904
1012,22.166,8.215568128
1013,19.500,8.22352896
1014,19.500,8.231699968
1015,19.500,8.239776
1016,36.028,8.249209088
1017,19.500,8.257873152
1018,20.843,8.265451008
1019,19.500,8.273179136
1020,19.500,8.281537024
1021,19.500,8.289721088
1022,19.500,8.297428992
1023,19.500,8.305355008
1024,24.954,8.313107968
1025,19.500,8.321795072
1026,19.500,8.32964608
1027,19.500,8.337649152
1028,19.500,8.345537024
1029,19.500,8.353316096
1030,19.500,8.361027072
1031,19.500,8.36952704
1032,21.797,8.377232128
1033,19.500,8.385222912
1034,19.500,8.393181952
1035,19.500,8.400879104
1036,19.500,8.409229056
1037,19.500,8.417199104
1038,19.500,8.42509312
1039,19.500,8.432979968
1040,19.500,8.44094208
1041,19.500,8.449371904
1042,19.500,8.458548992
1043,19.500,8.467153152
1044,19.500,8.474950144
1045,19.500,8.482684928
1046,19.500,8.491183104
1047,19.500,8.49888896
1048,21.536,8.507248128
1049,19.500,8.51488512
1050,19.500,8.523974912
1051,19.500,8.532742144
1052,19.500,8.541033984
1053,19.500,8.549243136
1054,19.500,8.55758208
1055,19.500,8.565763072
1056,20.644,8.57651712
1057,19.500,8.58458112
1058,14.293,8.593043968
1059,14.293,8.600841984
1060,14.293,8.60865792
1061,9.763,8.616993024
1062,9.763,8.625949952
1063,9.763,8.63431296
1064,9.763,8.642027008
1065,9.763,8.649624064
1066,9.763,8.658211072
1067,9.763,8.66603392
1068,9.763,8.67367808
1069,9.763,8.681427968
1070,9.763,8.689286912
1071,9.763,8.697382912
1072,9.763,8.705447936
1073,9.763,8.713313024
1074,9.763,8.721263104
1075,9.763,8.729532928
1076,9.763,8.73747712
1077,9.763,8.745465088
1078,9.763,8.753355008
1079,9.763,8.761169152
1080,9.763,8.769691904
1081,9.763,8.777369088
1082,9.763,8.78527104
1083,9.763,8.79309696
1084,9.763,8.801010944
1085,8.489,8.809391104
1086,8.102,8.817830144
1087,8.102,8.826068992
1088,8.102,8.833903104
1089,8.932,8.842311936
1090,8.102,8.85025408
1091,8.102,8.858072064
1092,5.568,8.865625088
1093,5.568,8.873522944
1094,5.568,8.881606912
1095,5.568,8.889694976
1096,5.568,8.897338112
1097,5.568,8.905168128
1098,5.568,8.913466112
1099,5.568,8.92126208
1100,5.568,8.928884992
1101,5.568,8.936733952
1102,5.568,8.944753152
1103,5.568,8.952583936
1104,5.568,8.96049792
1105,5.568,8.968638976
1106,5.568,8.977169152
1107,5.568,8.984861952
1108,3.911,8.992603136
1109,3.911,9.000440064
1110,3.911,9.008358144
1111,3.911,9.017026048
1112,3.911,9.024995072
1113,3.911,9.03277312
1114,3.911,9.04064
1115,3.911,9.04829312
1116,3.911,9.056729088
1117,3.911,9.064539136
1118,3.911,9.072321024
1119,3.911,9.07995008
1120,3.911,9.088003072
1121,3.911,9.096067072
1122,3.911,9.103910144
1123,3.911,9.111714048
1124,3.911,9.120176128
1125,3.911,9.129656064
1126,3.911,9.137984
1127,3.911,9.145848064
1128,3.911,9.153684992
1129,3.911,9.161604096
1130,3.911,9.16948992
1131,3.911,9.17773696
1132,3.911,9.185617152
1133,3.911,9.194758144
1134,3.911,9.202550016
1135,3.911,9.210813952
1136,3.911,9.219083008
1137,6.155,9.22695296
1138,4.846,9.23473792
1139,3.911,9.242413056
1140,3.911,9.250947072
1141,3.911,9.260827904
1142,3.911,9.269574144
1143,3.911,9.278048
1144,3.911,9.28613504
1145,3.911,9.293858048
1146,3.911,9.302499072
1147,3.911,9.310178048
1148,3.911,9.31790592
1149,3.911,9.325883136
1150,4.106,9.334107136
1151,3.911,9.341961984
1152,3.911,9.349757952
1153,3.911,9.358110976
1154,3.911,9.365830144
1155,3.911,9.374142976
1156,3.911,9.381851136
1157,3.911,9.390717952
1158,3.911,9.398543104
1159,3.911,9.406441984
1160,3.911,9.414863104
1161,3.911,9.422686976
1162,3.452,9.430556928
1163,3.452,9.438366976
1164,5.590,9.446701056
1165,3.452,9.454736128
1166,3.452,9.462796032
1167,3.452,9.470977024
1168,3.452,9.479119104
1169,3.966,9.487145984
1170,3.452,9.494883072
1171,3.452,9.502598912
1172,3.452,9.510270976
1173,3.452,9.518419968
1174,3.452,9.527101952
1175,3.452,9.535294976
1176,3.452,9.54365696
1177,3.452,9.55152512
1178,3.452,9.559431936
1179,3.452,9.567296
1180,3.452,9.575667968
1181,3.452,9.583456
1182,3.452,9.59122816
1183,3.452,9.598964992
1184,3.452,9.606669056
1185,3.452,9.61427712
1186,3.452,9.622404096
1187,3.452,9.630539008
1188,3.452,9.63843712
1189,3.452,9.646139136
1190,3.452,9.653976064
1191,3.452,9.661804032
1192,3.452,9.669686016
1193,3.452,9.677767936
1194,3.452,9.685629952
1195,3.694,9.693905152
1196,3.452,9.701634048
1197,3.452,9.70939904
1198,3.452,9.71713408
1199,3.452,9.725405952
1200,3.452,9.733216
1201,3.452,9.740994048
1202,3.452,9.748902144
1203,3.452,9.75677312
1204,3.452,9.764404992
1205,3.452,9.773747968
1206,3.452,9.781501952
1207,3.452,9.78956416
1208,3.452,9.797824
1209,3.452,9.80586496
1210,3.452,9.813587968
1211,3.452,9.821516032
1212,3.452,9.829927936
1213,3.452,9.837885952
1214,3.452,9.845641984
1215,3.452,9.85415296
1216,5.252,9.861801984
1217,3.452,9.86970112
1218,3.257,9.877980928
1219,3.257,9.885819136
1220,3.257,9.893622016
1221,3.257,9.901596928
1222,3.257,9.909793024
1223,3.257,9.917647104
1224,3.257,9.92810496
1225,3.257,9.936827136
1226,3.257,9.944527104
1227,3.257,9.952626944
1228,3.257,9.96029696
1229,3.257,9.968556032
1230,3.257,9.97642496
1231,3.257,9.984140032
1232,3.257,9.991827968
1233,3.257,9.999751936
1234,3.257,10.007696128
1235,3.257,10.016284928
1236,3.257,10.02431104
1237,3.257,10.032002048
1238,3.257,10.04000512
1239,3.257,10.047760128
1240,3.257,10.056604928
1241,3.257,10.064915968
1242,3.257,10.07282816
1243,3.257,10.081465088
1244,3.257,10.090104064
1245,3.257,10.097984
1246,3.257,10.106232064
1247,3.257,10.114417152
1248,3.257,10.122305024
1249,3.257,10.130179072
1250,2.861,10.138210048
1251,2.861,10.145789952
1252,2.861,10.154115072
1253,2.861,10.162375936
1254,2.861,10.170096128
1255,2.861,10.17768704
1256,2.861,10.18551808
1257,2.861,10.193241088
1258,2.861,10.202168064
1259,2.861,10.211858944
1260,2.861,10.22256512
1261,2.861,10.234147072
1262,2.861,10.24551808
1263,2.828,10.256736
1264,2.828,10.264553984
1265,2.828,10.272683008
1266,2.828,10.281938944
1267,2.828,10.290210048
1268,2.828,10.297899008
1269,2.828,10.306714112
1270,2.828,10.31437696
1271,2.828,10.322203136
1272,2.828,10.330022912
1273,2.828,10.338726912
1274,2.828,10.348588032
1275,2.828,10.35642112
1276,1.886,10.364147968
1277,1.886,10.37197696
1278,1.886,10.379619072
1279,1.886,10.38816512
1280,1.886,10.395774976
1281,1.886,10.403524096
1282,1.886,10.411309056
1283,1.886,10.41914496
1284,1.886,10.426886912
1285,1.886,10.435774976
1286,1.886,10.443448064
1287,1.886,10.45140992
1288,1.886,10.459261952
1289,1.886,10.467001088
1290,1.886,10.47547008
1291,1.886,10.484249088
1292,1.886,10.49206912
1293,1.886,10.499782912
1294,1.886,10.507510016
1295,1.886,10.51584
1296,1.886,10.523800064
1297,1.886,10.531482112
1298,1.886,10.540128
1299,1.886,10.547847936
1300,1.886,10.55703808
1301,2.834,10.564699136
1302,1.886,10.572551936
1303,1.886,10.580250112
1304,1.886,10.588216064
1305,1.886,10.596422912
1306,1.886,10.604379136
1307,1.886,10.61215616
1308,1.886,10.620132096
1309,1.886,10.628444928
1310,1.886,10.637044992
1311,1.886,10.645065984
1312,1.886,10.652961024
1313,1.886,10.660829952
1314,1.886,10.669185024
1315,1.886,10.677054976
1316,1.886,10.684987136
1317,1.886,10.693035008
1318,1.886,10.701154048
1319,1.886,10.709420032
1320,1.383,10.717212928
1321,1.383,10.72528896
1322,1.383,10.732992
1323,1.383,10.740825088
1324,1.383,10.749219072
1325,1.383,10.757022976
1326,1.383,10.764742144
1327,1.383,10.772515072
1328,1.383,10.780696064
1329,1.383,10.788669952
1330,1.383,10.796240128
1331,1.383,10.803986944
1332,1.760,10.812013056
1333,1.383,10.82042112
1334,1.383,10.828258048
1335,1.383,10.836148992
1336,1.383,10.843953152
1337,1.383,10.852544
1338,1.383,10.860510976
1339,1.383,10.869145088
1340,1.383,10.877196032
1341,1.383,10.88490112
1342,1.418,10.893062912
1343,1.383,10.901275904
1344,1.383,10.90916608
1345,1.383,10.916844032
1346,1.205,10.927025152
1347,1.205,10.935275008
1348,1.205,10.943579904
1349,1.205,10.951602944
1350,0.313,10.959469056

Error results for GA
---------------------------
0,531.222,0.215140096
1,250.401,0.421752064
2,494.772,0.627175168
3,351.626,0.84076416
4,235.130,1.044163072
5,309.865,1.250000128
6,262.381,1.456082944
7,311.141,1.669228032
8,402.278,1.884551168
9,298.241,2.09211008
10,197.609,2.296987136
11,201.450,2.501159168
12,256.145,2.710886144
13,181.032,2.923249152
14,197.666,3.136434944
15,143.003,3.360742144
16,102.271,3.564740096
17,228.872,3.76555008
18,120.455,3.977293056
19,175.587,4.184332032
20,358.786,4.390507008
21,74.990,4.601286144
22,83.184,4.812047104
23,84.784,5.026260992
24,84.784,5.237275136
25,64.723,5.444336128
26,81.531,5.64911616
27,102.271,5.848048128
28,129.513,6.054744064
29,71.585,6.267239936
30,66.345,6.488035072
31,99.131,6.694265088
32,82.113,6.902842112
33,100.157,7.107596032
34,61.044,7.318509056
35,61.044,7.529565184
36,114.308,7.733501952
37,74.229,7.942916096
38,81.531,8.143152128
39,84.784,8.352308992
40,59.288,8.55779712
41,65.303,8.76479616
42,57.665,8.971033088
43,59.288,9.171308032
44,61.103,9.373926144
45,58.667,9.571757056
46,47.063,9.77884416
47,58.667,9.986301184
48,59.288,10.197075968
49,61.103,10.396548096
50,46.558,10.602584064
51,47.063,10.80740096
52,53.961,11.016743168
53,45.778,11.224212992
54,40.808,11.432057088
55,37.318,11.651006976
56,55.576,11.86398208
57,22.552,12.076091136
58,37.318,12.291528192
59,22.552,12.501295104
60,20.374,12.712355072
61,20.142,12.925228032
62,20.374,13.132491008
63,22.297,13.337848064
64,18.324,13.542749952
65,20.374,13.751308032
66,8.239,13.960306176
67,20.374,14.16740096
68,22.297,14.372701952
69,22.552,14.580911104
70,20.374,14.791560192
71,12.792,14.996083968
72,8.142,15.200114176
73,8.239,15.410665984
74,8.109,15.61410816
75,8.142,15.821693184
76,8.142,16.037368064
77,8.239,16.24647296
78,8.142,16.454744064
79,9.160,16.664185088
80,7.291,16.870627072
81,7.379,17.089369088
82,8.142,17.305556992
83,8.142,17.518600192
84,9.438,17.729575936
85,7.291,17.941469952
86,10.299,18.150054144
87,11.527,18.363412992
88,7.291,18.570668032
89,7.379,18.77319808
90,8.142,18.98002816
91,7.379,19.191083008
92,7.291,19.40514304
93,7.379,19.612125952
94,7.379,19.821949952
95,7.379,20.036292096
96,7.291,20.239006976
97,7.379,20.44619904
98,7.379,20.656385024
99,7.291,20.861178112
100,7.291,21.075650048
101,8.142,21.289017088
102,7.291,21.495441152
103,7.291,21.712672
104,7.291,21.92250496
105,7.379,22.122937088
106,7.996,22.335763968
107,7.291,22.550448128
108,7.291,22.766224128
109,7.291,22.972660992
110,8.239,23.17769216
111,7.291,23.39776896
112,7.379,23.609067008
113,7.291,23.816696064
114,7.291,24.02178304
115,7.291,24.235659008
116,7.291,24.448121088
117,7.379,24.659329024
118,5.795,24.864624128
119,7.291,25.072244992
120,4.877,25.277153024
121,6.276,25.492720128
122,7.280,25.706732032
123,7.291,25.910974976
124,6.276,26.113211136
125,7.291,26.321140992
126,4.864,26.525008128
127,7.379,26.727904
128,7.379,26.940829952
129,4.452,27.152281088
130,6.201,27.365223168
131,5.648,27.565549056
132,7.379,27.777088
133,6.201,27.986308096
134,5.725,28.19853312
135,5.795,28.412793088
136,6.201,28.622374144
137,3.778,28.825726976
138,3.778,29.03397504
139,4.877,29.249543168
140,4.399,29.462006016
141,2.864,29.669330176
142,4.452,29.899824128
143,3.778,30.111645952
144,3.778,30.318567936
145,3.279,30.525568
146,3.778,30.743232
147,3.778,30.95750016
148,3.239,31.168862976
149,3.239,31.382174976
150,3.239,31.590130176
151,4.191,31.798540032
152,3.239,32.006087168
153,3.279,32.218202112
154,3.778,32.427435008
155,3.239,32.649232128
156,2.606,32.856729088
157,3.239,33.068441088
158,3.929,33.270298112
159,3.279,33.480048128
160,3.279,33.68990208
161,3.279,33.896992
162,2.629,34.113895936
163,3.279,34.318247168
164,2.606,34.522736128
165,3.279,34.728452096
166,2.574,34.941991936
167,2.138,35.15409408
168,2.593,35.362329088
169,2.574,35.57588608
170,2.606,35.787111168
171,2.606,35.989713152
172,1.894,36.205526016
173,1.312,36.413814016
174,1.105,36.630571008
175,2.606,36.836985088
176,1.329,37.047154176
177,2.606,37.259567104
178,1.105,37.474289152
179,1.105,37.690330112
180,1.105,37.896260096
181,0.994,38.104743936
182,1.378,38.322636032
183,0.829,38.535875072
184,0.829,38.752880128
185,0.630,38.956326144
186,0.630,39.167116032
187,0.630,39.375419136
188,0.840,39.585907968
189,0.819,39.790448128
190,0.840,39.996775936
191,0.434,40.20053504

Results for RHC: 
Correctly classified 3888.0 instances.
Incorrectly classified 0.0 instances.
Percent correctly classified: 100.000%
Training time: 12.140 seconds
Testing time: 0.011 seconds
Iterations: 1416

Results for SA: 
Correctly classified 3888.0 instances.
Incorrectly classified 0.0 instances.
Percent correctly classified: 100.000%
Training time: 10.960 seconds
Testing time: 0.011 seconds
Iterations: 1350

Results for GA: 
Correctly classified 3888.0 instances.
Incorrectly classified 0.0 instances.
Percent correctly classified: 100.000%
Training time: 40.201 seconds
Testing time: 0.012 seconds
Iterations: 191

